timeStamp,elapsed,label,responseCode,responseMessage,threadName,dataType,success,failureMessage,bytes,sentBytes,grpThreads,allThreads,Latency,IdleTime,Connect
22/07/2017 01:08,39802,10.10.3.16 CPU,,,,,true,,0,0,0,0,0,0,0
22/07/2017 01:08,47445,10.10.3.16 CPU,,,,,true,,0,0,0,0,0,0,0
22/07/2017 01:08,53682,10.10.3.16 CPU,,,,,true,,0,0,0,0,0,0,0
22/07/2017 01:08,61601,10.10.3.16 CPU,,,,,true,,0,0,0,0,0,0,0
22/07/2017 01:08,88387,10.10.3.16 CPU,,,,,true,,0,0,0,0,0,0,0
22/07/2017 01:08,93106,10.10.3.16 CPU,,,,,true,,0,0,0,0,0,0,0
22/07/2017 01:08,98425,10.10.3.16 CPU,,,,,true,,0,0,0,0,0,0,0
22/07/2017 01:08,93504,10.10.3.16 CPU,,,,,true,,0,0,0,0,0,0,0
22/07/2017 01:08,96167,10.10.3.16 CPU,,,,,true,,0,0,0,0,0,0,0
22/07/2017 01:08,95758,10.10.3.16 CPU,,,,,true,,0,0,0,0,0,0,0
22/07/2017 01:08,76525,10.10.3.16 CPU,,,,,true,,0,0,0,0,0,0,0
22/07/2017 01:23,35036,10.10.3.16 CPU,,,,,true,,0,0,0,0,0,0,0
22/07/2017 01:23,33449,10.10.3.16 CPU,,,,,true,,0,0,0,0,0,0,0
22/07/2017 01:23,24900,10.10.3.16 CPU,,,,,true,,0,0,0,0,0,0,0
22/07/2017 01:23,51563,10.10.3.16 CPU,,,,,true,,0,0,0,0,0,0,0
22/07/2017 01:23,46086,10.10.3.16 CPU,,,,,true,,0,0,0,0,0,0,0
22/07/2017 01:23,79067,10.10.3.16 CPU,,,,,true,,0,0,0,0,0,0,0
22/07/2017 01:23,87596,10.10.3.16 CPU,,,,,true,,0,0,0,0,0,0,0
22/07/2017 01:23,93428,10.10.3.16 CPU,,,,,true,,0,0,0,0,0,0,0
22/07/2017 01:23,92715,10.10.3.16 CPU,,,,,true,,0,0,0,0,0,0,0
22/07/2017 01:23,92834,10.10.3.16 CPU,,,,,true,,0,0,0,0,0,0,0
22/07/2017 01:23,86085,10.10.3.16 CPU,,,,,true,,0,0,0,0,0,0,0
22/07/2017 01:23,82029,10.10.3.16 CPU,,,,,true,,0,0,0,0,0,0,0
22/07/2017 01:27,34991,10.10.3.16 CPU,,,,,true,,0,0,0,0,0,0,0
22/07/2017 01:27,38505,10.10.3.16 CPU,,,,,true,,0,0,0,0,0,0,0
22/07/2017 01:27,44093,10.10.3.16 CPU,,,,,true,,0,0,0,0,0,0,0
22/07/2017 01:27,54958,10.10.3.16 CPU,,,,,true,,0,0,0,0,0,0,0
22/07/2017 01:27,53629,10.10.3.16 CPU,,,,,true,,0,0,0,0,0,0,0
22/07/2017 01:27,88891,10.10.3.16 CPU,,,,,true,,0,0,0,0,0,0,0
22/07/2017 01:27,73873,10.10.3.16 CPU,,,,,true,,0,0,0,0,0,0,0
22/07/2017 01:27,61295,10.10.3.16 CPU,,,,,true,,0,0,0,0,0,0,0
22/07/2017 01:27,94240,10.10.3.16 CPU,,,,,true,,0,0,0,0,0,0,0
22/07/2017 01:27,91411,10.10.3.16 CPU,,,,,true,,0,0,0,0,0,0,0
22/07/2017 01:27,80803,10.10.3.16 CPU,,,,,true,,0,0,0,0,0,0,0
22/07/2017 01:27,79028,10.10.3.16 CPU,,,,,true,,0,0,0,0,0,0,0
22/07/2017 01:27,77545,10.10.3.16 CPU,,,,,true,,0,0,0,0,0,0,0
22/07/2017 01:27,42490,10.10.3.16 CPU,,,,,true,,0,0,0,0,0,0,0
22/07/2017 01:28,30363,10.10.3.16 CPU,,,,,true,,0,0,0,0,0,0,0
22/07/2017 01:28,52466,10.10.3.16 CPU,,,,,true,,0,0,0,0,0,0,0
22/07/2017 01:28,42128,10.10.3.16 CPU,,,,,true,,0,0,0,0,0,0,0
22/07/2017 01:28,42659,10.10.3.16 CPU,,,,,true,,0,0,0,0,0,0,0
22/07/2017 01:28,30215,10.10.3.16 CPU,,,,,true,,0,0,0,0,0,0,0
22/07/2017 01:28,27554,10.10.3.16 CPU,,,,,true,,0,0,0,0,0,0,0
22/07/2017 01:28,47460,10.10.3.16 CPU,,,,,true,,0,0,0,0,0,0,0
22/07/2017 01:28,40734,10.10.3.16 CPU,,,,,true,,0,0,0,0,0,0,0
22/07/2017 01:28,58003,10.10.3.16 CPU,,,,,true,,0,0,0,0,0,0,0
22/07/2017 01:28,91767,10.10.3.16 CPU,,,,,true,,0,0,0,0,0,0,0
22/07/2017 01:28,96970,10.10.3.16 CPU,,,,,true,,0,0,0,0,0,0,0
22/07/2017 01:28,97294,10.10.3.16 CPU,,,,,true,,0,0,0,0,0,0,0
22/07/2017 01:28,98847,10.10.3.16 CPU,,,,,true,,0,0,0,0,0,0,0
22/07/2017 01:28,95488,10.10.3.16 CPU,,,,,true,,0,0,0,0,0,0,0
22/07/2017 01:29,94946,10.10.3.16 CPU,,,,,true,,0,0,0,0,0,0,0
22/07/2017 01:29,90022,10.10.3.16 CPU,,,,,true,,0,0,0,0,0,0,0
22/07/2017 01:30,28613,10.10.3.16 CPU,,,,,true,,0,0,0,0,0,0,0
22/07/2017 01:30,33209,10.10.3.16 CPU,,,,,true,,0,0,0,0,0,0,0
22/07/2017 01:30,33864,10.10.3.16 CPU,,,,,true,,0,0,0,0,0,0,0
22/07/2017 01:30,54757,10.10.3.16 CPU,,,,,true,,0,0,0,0,0,0,0
22/07/2017 01:30,47455,10.10.3.16 CPU,,,,,true,,0,0,0,0,0,0,0
22/07/2017 01:30,78251,10.10.3.16 CPU,,,,,true,,0,0,0,0,0,0,0
22/07/2017 01:30,87300,10.10.3.16 CPU,,,,,true,,0,0,0,0,0,0,0
22/07/2017 01:30,97261,10.10.3.16 CPU,,,,,true,,0,0,0,0,0,0,0
22/07/2017 01:30,97316,10.10.3.16 CPU,,,,,true,,0,0,0,0,0,0,0
22/07/2017 01:30,96231,10.10.3.16 CPU,,,,,true,,0,0,0,0,0,0,0
22/07/2017 01:30,96478,10.10.3.16 CPU,,,,,true,,0,0,0,0,0,0,0
22/07/2017 01:30,85293,10.10.3.16 CPU,,,,,true,,0,0,0,0,0,0,0
22/07/2017 02:08,41111,10.10.3.16 CPU,,,,,true,,0,0,0,0,0,0,0
22/07/2017 02:08,47883,10.10.3.16 CPU,,,,,true,,0,0,0,0,0,0,0
22/07/2017 02:08,54459,10.10.3.16 CPU,,,,,true,,0,0,0,0,0,0,0
22/07/2017 02:08,69957,10.10.3.16 CPU,,,,,true,,0,0,0,0,0,0,0
22/07/2017 02:08,85150,10.10.3.16 CPU,,,,,true,,0,0,0,0,0,0,0
22/07/2017 02:08,91035,10.10.3.16 CPU,,,,,true,,0,0,0,0,0,0,0
22/07/2017 02:08,92454,10.10.3.16 CPU,,,,,true,,0,0,0,0,0,0,0
22/07/2017 02:08,98077,10.10.3.16 CPU,,,,,true,,0,0,0,0,0,0,0
22/07/2017 02:08,97708,10.10.3.16 CPU,,,,,true,,0,0,0,0,0,0,0
22/07/2017 02:08,96823,10.10.3.16 CPU,,,,,true,,0,0,0,0,0,0,0
22/07/2017 02:08,95741,10.10.3.16 CPU,,,,,true,,0,0,0,0,0,0,0
22/07/2017 02:08,77739,10.10.3.16 CPU,,,,,true,,0,0,0,0,0,0,0
22/07/2017 02:10,43403,10.10.3.16 CPU,,,,,true,,0,0,0,0,0,0,0
22/07/2017 02:10,50163,10.10.3.16 CPU,,,,,true,,0,0,0,0,0,0,0
22/07/2017 02:10,61871,10.10.3.16 CPU,,,,,true,,0,0,0,0,0,0,0
22/07/2017 02:10,77890,10.10.3.16 CPU,,,,,true,,0,0,0,0,0,0,0
22/07/2017 02:10,89281,10.10.3.16 CPU,,,,,true,,0,0,0,0,0,0,0
22/07/2017 02:10,95224,10.10.3.16 CPU,,,,,true,,0,0,0,0,0,0,0
22/07/2017 02:10,95201,10.10.3.16 CPU,,,,,true,,0,0,0,0,0,0,0
22/07/2017 02:10,98849,10.10.3.16 CPU,,,,,true,,0,0,0,0,0,0,0
22/07/2017 02:10,95774,10.10.3.16 CPU,,,,,true,,0,0,0,0,0,0,0
22/07/2017 02:10,94941,10.10.3.16 CPU,,,,,true,,0,0,0,0,0,0,0
22/07/2017 02:10,75186,10.10.3.16 CPU,,,,,true,,0,0,0,0,0,0,0
22/07/2017 02:27,38196,10.10.3.16 CPU,,,,,true,,0,0,0,0,0,0,0
22/07/2017 02:27,33021,10.10.3.16 CPU,,,,,true,,0,0,0,0,0,0,0
22/07/2017 02:27,35957,10.10.3.16 CPU,,,,,true,,0,0,0,0,0,0,0
22/07/2017 02:27,55022,10.10.3.16 CPU,,,,,true,,0,0,0,0,0,0,0
22/07/2017 02:27,51730,10.10.3.16 CPU,,,,,true,,0,0,0,0,0,0,0
22/07/2017 02:27,83565,10.10.3.16 CPU,,,,,true,,0,0,0,0,0,0,0
22/07/2017 02:27,93109,10.10.3.16 CPU,,,,,true,,0,0,0,0,0,0,0
22/07/2017 02:27,92598,10.10.3.16 CPU,,,,,true,,0,0,0,0,0,0,0
22/07/2017 02:27,94217,10.10.3.16 CPU,,,,,true,,0,0,0,0,0,0,0
22/07/2017 02:27,87528,10.10.3.16 CPU,,,,,true,,0,0,0,0,0,0,0
22/07/2017 02:27,93450,10.10.3.16 CPU,,,,,true,,0,0,0,0,0,0,0
22/07/2017 02:28,35736,10.10.3.16 CPU,,,,,true,,0,0,0,0,0,0,0
22/07/2017 02:28,32652,10.10.3.16 CPU,,,,,true,,0,0,0,0,0,0,0
22/07/2017 02:28,23337,10.10.3.16 CPU,,,,,true,,0,0,0,0,0,0,0
22/07/2017 02:28,50211,10.10.3.16 CPU,,,,,true,,0,0,0,0,0,0,0
22/07/2017 02:28,62985,10.10.3.16 CPU,,,,,true,,0,0,0,0,0,0,0
22/07/2017 02:28,80710,10.10.3.16 CPU,,,,,true,,0,0,0,0,0,0,0
22/07/2017 02:28,76283,10.10.3.16 CPU,,,,,true,,0,0,0,0,0,0,0
22/07/2017 02:28,96135,10.10.3.16 CPU,,,,,true,,0,0,0,0,0,0,0
22/07/2017 02:28,97683,10.10.3.16 CPU,,,,,true,,0,0,0,0,0,0,0
22/07/2017 02:28,84351,10.10.3.16 CPU,,,,,true,,0,0,0,0,0,0,0
22/07/2017 02:28,97320,10.10.3.16 CPU,,,,,true,,0,0,0,0,0,0,0
22/07/2017 02:28,80527,10.10.3.16 CPU,,,,,true,,0,0,0,0,0,0,0
22/07/2017 02:34,32029,10.10.3.16 CPU,,,,,true,,0,0,0,0,0,0,0
22/07/2017 02:34,28291,10.10.3.16 CPU,,,,,true,,0,0,0,0,0,0,0
22/07/2017 02:34,31533,10.10.3.16 CPU,,,,,true,,0,0,0,0,0,0,0
22/07/2017 02:34,58239,10.10.3.16 CPU,,,,,true,,0,0,0,0,0,0,0
22/07/2017 02:34,57993,10.10.3.16 CPU,,,,,true,,0,0,0,0,0,0,0
22/07/2017 02:34,89962,10.10.3.16 CPU,,,,,true,,0,0,0,0,0,0,0
22/07/2017 02:34,91142,10.10.3.16 CPU,,,,,true,,0,0,0,0,0,0,0
22/07/2017 02:34,87528,10.10.3.16 CPU,,,,,true,,0,0,0,0,0,0,0
22/07/2017 02:34,95418,10.10.3.16 CPU,,,,,true,,0,0,0,0,0,0,0
22/07/2017 02:34,82579,10.10.3.16 CPU,,,,,true,,0,0,0,0,0,0,0
22/07/2017 02:34,45171,10.10.3.16 CPU,,,,,true,,0,0,0,0,0,0,0
22/07/2017 02:34,95058,10.10.3.16 CPU,,,,,true,,0,0,0,0,0,0,0
22/07/2017 02:34,95747,10.10.3.16 CPU,,,,,true,,0,0,0,0,0,0,0
22/07/2017 02:34,80711,10.10.3.16 CPU,,,,,true,,0,0,0,0,0,0,0
22/07/2017 02:34,58675,10.10.3.16 CPU,,,,,true,,0,0,0,0,0,0,0
22/07/2017 02:35,34181,10.10.3.16 CPU,,,,,true,,0,0,0,0,0,0,0
22/07/2017 02:35,37074,10.10.3.16 CPU,,,,,true,,0,0,0,0,0,0,0
22/07/2017 02:35,38493,10.10.3.16 CPU,,,,,true,,0,0,0,0,0,0,0
22/07/2017 02:35,41449,10.10.3.16 CPU,,,,,true,,0,0,0,0,0,0,0
22/07/2017 02:35,50976,10.10.3.16 CPU,,,,,true,,0,0,0,0,0,0,0
22/07/2017 02:35,82379,10.10.3.16 CPU,,,,,true,,0,0,0,0,0,0,0
22/07/2017 02:35,81300,10.10.3.16 CPU,,,,,true,,0,0,0,0,0,0,0
22/07/2017 02:35,78953,10.10.3.16 CPU,,,,,true,,0,0,0,0,0,0,0
22/07/2017 02:35,97713,10.10.3.16 CPU,,,,,true,,0,0,0,0,0,0,0
22/07/2017 02:35,97309,10.10.3.16 CPU,,,,,true,,0,0,0,0,0,0,0
22/07/2017 02:35,88274,10.10.3.16 CPU,,,,,true,,0,0,0,0,0,0,0
22/07/2017 02:35,47308,10.10.3.16 CPU,,,,,true,,0,0,0,0,0,0,0
22/07/2017 02:41,39030,10.10.3.16 CPU,,,,,true,,0,0,0,0,0,0,0
22/07/2017 02:41,36100,10.10.3.16 CPU,,,,,true,,0,0,0,0,0,0,0
22/07/2017 02:41,46512,10.10.3.16 CPU,,,,,true,,0,0,0,0,0,0,0
22/07/2017 02:41,56983,10.10.3.16 CPU,,,,,true,,0,0,0,0,0,0,0
22/07/2017 02:41,87789,10.10.3.16 CPU,,,,,true,,0,0,0,0,0,0,0
22/07/2017 02:41,91082,10.10.3.16 CPU,,,,,true,,0,0,0,0,0,0,0
22/07/2017 02:41,96475,10.10.3.16 CPU,,,,,true,,0,0,0,0,0,0,0
22/07/2017 02:41,91490,10.10.3.16 CPU,,,,,true,,0,0,0,0,0,0,0
22/07/2017 02:41,92948,10.10.3.16 CPU,,,,,true,,0,0,0,0,0,0,0
22/07/2017 02:41,61618,10.10.3.16 CPU,,,,,true,,0,0,0,0,0,0,0
22/07/2017 02:42,40439,10.10.3.16 CPU,,,,,true,,0,0,0,0,0,0,0
22/07/2017 02:42,37220,10.10.3.16 CPU,,,,,true,,0,0,0,0,0,0,0
22/07/2017 02:42,54605,10.10.3.16 CPU,,,,,true,,0,0,0,0,0,0,0
22/07/2017 02:42,59033,10.10.3.16 CPU,,,,,true,,0,0,0,0,0,0,0
22/07/2017 02:42,86721,10.10.3.16 CPU,,,,,true,,0,0,0,0,0,0,0
22/07/2017 02:42,88255,10.10.3.16 CPU,,,,,true,,0,0,0,0,0,0,0
22/07/2017 02:42,90344,10.10.3.16 CPU,,,,,true,,0,0,0,0,0,0,0
22/07/2017 02:42,97377,10.10.3.16 CPU,,,,,true,,0,0,0,0,0,0,0
22/07/2017 02:42,93796,10.10.3.16 CPU,,,,,true,,0,0,0,0,0,0,0
22/07/2017 02:43,93085,10.10.3.16 CPU,,,,,true,,0,0,0,0,0,0,0
22/07/2017 02:43,74181,10.10.3.16 CPU,,,,,true,,0,0,0,0,0,0,0
22/07/2017 02:43,78900,10.10.3.16 CPU,,,,,true,,0,0,0,0,0,0,0
03/08/2017 18:21,147,10.10.3.16 CPU,,,,,true,,0,0,0,0,0,0,0
03/08/2017 18:21,376,10.10.3.16 CPU,,,,,true,,0,0,0,0,0,0,0
03/08/2017 18:21,0,10.10.3.16 CPU,,,,,true,,0,0,0,0,0,0,0
03/08/2017 18:21,0,10.10.3.16 CPU,,,,,true,,0,0,0,0,0,0,0
03/08/2017 18:21,5431,10.10.3.16 CPU,,,,,true,,0,0,0,0,0,0,0
03/08/2017 18:21,19678,10.10.3.16 CPU,,,,,true,,0,0,0,0,0,0,0
03/08/2017 18:21,25985,10.10.3.16 CPU,,,,,true,,0,0,0,0,0,0,0
03/08/2017 18:21,70698,10.10.3.16 CPU,,,,,true,,0,0,0,0,0,0,0
03/08/2017 18:21,76364,10.10.3.16 CPU,,,,,true,,0,0,0,0,0,0,0
03/08/2017 18:21,85946,10.10.3.16 CPU,,,,,true,,0,0,0,0,0,0,0
03/08/2017 18:21,78260,10.10.3.16 CPU,,,,,true,,0,0,0,0,0,0,0
03/08/2017 18:21,51184,10.10.3.16 CPU,,,,,true,,0,0,0,0,0,0,0
03/08/2017 18:22,585,10.10.3.16 CPU,,,,,true,,0,0,0,0,0,0,0
03/08/2017 18:23,375,10.10.3.16 CPU,,,,,true,,0,0,0,0,0,0,0
03/08/2017 18:23,0,10.10.3.16 CPU,,,,,true,,0,0,0,0,0,0,0
03/08/2017 18:23,772,10.10.3.16 CPU,,,,,true,,0,0,0,0,0,0,0
03/08/2017 18:23,375,10.10.3.16 CPU,,,,,true,,0,0,0,0,0,0,0
03/08/2017 18:23,14247,10.10.3.16 CPU,,,,,true,,0,0,0,0,0,0,0
03/08/2017 18:23,20700,10.10.3.16 CPU,,,,,true,,0,0,0,0,0,0,0
03/08/2017 18:23,59764,10.10.3.16 CPU,,,,,true,,0,0,0,0,0,0,0
03/08/2017 18:23,55663,10.10.3.16 CPU,,,,,true,,0,0,0,0,0,0,0
03/08/2017 18:23,74913,10.10.3.16 CPU,,,,,true,,0,0,0,0,0,0,0
03/08/2017 18:23,63153,10.10.3.16 CPU,,,,,true,,0,0,0,0,0,0,0
03/08/2017 18:23,54702,10.10.3.16 CPU,,,,,true,,0,0,0,0,0,0,0
03/08/2017 19:03,198,10.10.3.16 CPU,,,,,true,,0,0,0,0,0,0,0
03/08/2017 19:03,0,10.10.3.16 CPU,,,,,true,,0,0,0,0,0,0,0
03/08/2017 19:03,6574,10.10.3.16 CPU,,,,,true,,0,0,0,0,0,0,0
03/08/2017 19:03,20344,10.10.3.16 CPU,,,,,true,,0,0,0,0,0,0,0
03/08/2017 19:03,24410,10.10.3.16 CPU,,,,,true,,0,0,0,0,0,0,0
03/08/2017 19:03,57355,10.10.3.16 CPU,,,,,true,,0,0,0,0,0,0,0
03/08/2017 19:03,73995,10.10.3.16 CPU,,,,,true,,0,0,0,0,0,0,0
03/08/2017 19:03,74302,10.10.3.16 CPU,,,,,true,,0,0,0,0,0,0,0
03/08/2017 19:03,93773,10.10.3.16 CPU,,,,,true,,0,0,0,0,0,0,0
03/08/2017 19:03,56597,10.10.3.16 CPU,,,,,true,,0,0,0,0,0,0,0
03/08/2017 19:03,25192,10.10.3.16 CPU,,,,,true,,0,0,0,0,0,0,0
03/08/2017 19:03,22045,10.10.3.16 CPU,,,,,true,,0,0,0,0,0,0,0
03/08/2017 19:04,307,10.10.3.16 CPU,,,,,true,,0,0,0,0,0,0,0
03/08/2017 19:04,0,10.10.3.16 CPU,,,,,true,,0,0,0,0,0,0,0
03/08/2017 19:04,6250,10.10.3.16 CPU,,,,,true,,0,0,0,0,0,0,0
03/08/2017 19:04,18184,10.10.3.16 CPU,,,,,true,,0,0,0,0,0,0,0
03/08/2017 19:04,37890,10.10.3.16 CPU,,,,,true,,0,0,0,0,0,0,0
03/08/2017 19:04,54866,10.10.3.16 CPU,,,,,true,,0,0,0,0,0,0,0
03/08/2017 19:04,65120,10.10.3.16 CPU,,,,,true,,0,0,0,0,0,0,0
03/08/2017 19:04,85117,10.10.3.16 CPU,,,,,true,,0,0,0,0,0,0,0
03/08/2017 19:04,61090,10.10.3.16 CPU,,,,,true,,0,0,0,0,0,0,0
03/08/2017 19:05,31415,10.10.3.16 CPU,,,,,true,,0,0,0,0,0,0,0
03/08/2017 19:17,225,10.10.3.16 CPU,,,,,true,,0,0,0,0,0,0,0
03/08/2017 19:17,0,10.10.3.16 CPU,,,,,true,,0,0,0,0,0,0,0
03/08/2017 19:17,12819,10.10.3.16 CPU,,,,,true,,0,0,0,0,0,0,0
03/08/2017 19:17,13566,10.10.3.16 CPU,,,,,true,,0,0,0,0,0,0,0
03/08/2017 19:17,52692,10.10.3.16 CPU,,,,,true,,0,0,0,0,0,0,0
03/08/2017 19:17,45727,10.10.3.16 CPU,,,,,true,,0,0,0,0,0,0,0
03/08/2017 19:17,77719,10.10.3.16 CPU,,,,,true,,0,0,0,0,0,0,0
03/08/2017 19:17,61852,10.10.3.16 CPU,,,,,true,,0,0,0,0,0,0,0
03/08/2017 19:17,64458,10.10.3.16 CPU,,,,,true,,0,0,0,0,0,0,0
03/08/2017 19:17,37845,10.10.3.16 CPU,,,,,true,,0,0,0,0,0,0,0
03/08/2017 19:18,357,10.10.3.16 CPU,,,,,true,,0,0,0,0,0,0,0
03/08/2017 19:18,0,10.10.3.16 CPU,,,,,true,,0,0,0,0,0,0,0
03/08/2017 19:18,1952,10.10.3.16 CPU,,,,,true,,0,0,0,0,0,0,0
03/08/2017 19:18,18655,10.10.3.16 CPU,,,,,true,,0,0,0,0,0,0,0
03/08/2017 19:18,12775,10.10.3.16 CPU,,,,,true,,0,0,0,0,0,0,0
03/08/2017 19:18,59385,10.10.3.16 CPU,,,,,true,,0,0,0,0,0,0,0
03/08/2017 19:18,45551,10.10.3.16 CPU,,,,,true,,0,0,0,0,0,0,0
03/08/2017 19:18,76256,10.10.3.16 CPU,,,,,true,,0,0,0,0,0,0,0
03/08/2017 19:18,72650,10.10.3.16 CPU,,,,,true,,0,0,0,0,0,0,0
03/08/2017 19:18,37487,10.10.3.16 CPU,,,,,true,,0,0,0,0,0,0,0
03/08/2017 19:24,257,10.10.3.16 CPU,,,,,true,,0,0,0,0,0,0,0
03/08/2017 19:24,0,10.10.3.16 CPU,,,,,true,,0,0,0,0,0,0,0
03/08/2017 19:24,9315,10.10.3.16 CPU,,,,,true,,0,0,0,0,0,0,0
03/08/2017 19:24,26710,10.10.3.16 CPU,,,,,true,,0,0,0,0,0,0,0
03/08/2017 19:24,50593,10.10.3.16 CPU,,,,,true,,0,0,0,0,0,0,0
03/08/2017 19:24,66525,10.10.3.16 CPU,,,,,true,,0,0,0,0,0,0,0
03/08/2017 19:24,67322,10.10.3.16 CPU,,,,,true,,0,0,0,0,0,0,0
03/08/2017 19:24,58134,10.10.3.16 CPU,,,,,true,,0,0,0,0,0,0,0
03/08/2017 19:24,36936,10.10.3.16 CPU,,,,,true,,0,0,0,0,0,0,0
03/08/2017 19:24,20005,10.10.3.16 CPU,,,,,true,,0,0,0,0,0,0,0
03/08/2017 19:25,368,10.10.3.16 CPU,,,,,true,,0,0,0,0,0,0,0
03/08/2017 19:25,775,10.10.3.16 CPU,,,,,true,,0,0,0,0,0,0,0
03/08/2017 19:25,0,10.10.3.16 CPU,,,,,true,,0,0,0,0,0,0,0
03/08/2017 19:25,13860,10.10.3.16 CPU,,,,,true,,0,0,0,0,0,0,0
03/08/2017 19:25,37614,10.10.3.16 CPU,,,,,true,,0,0,0,0,0,0,0
03/08/2017 19:25,60773,10.10.3.16 CPU,,,,,true,,0,0,0,0,0,0,0
03/08/2017 19:25,71231,10.10.3.16 CPU,,,,,true,,0,0,0,0,0,0,0
03/08/2017 19:25,79811,10.10.3.16 CPU,,,,,true,,0,0,0,0,0,0,0
03/08/2017 19:25,79037,10.10.3.16 CPU,,,,,true,,0,0,0,0,0,0,0
03/08/2017 19:25,45155,10.10.3.16 CPU,,,,,true,,0,0,0,0,0,0,0
03/08/2017 19:28,311,10.10.3.16 CPU,,,,,true,,0,0,0,0,0,0,0
03/08/2017 19:28,784,10.10.3.16 CPU,,,,,true,,0,0,0,0,0,0,0
03/08/2017 19:28,4603,10.10.3.16 CPU,,,,,true,,0,0,0,0,0,0,0
03/08/2017 19:28,17991,10.10.3.16 CPU,,,,,true,,0,0,0,0,0,0,0
03/08/2017 19:28,18957,10.10.3.16 CPU,,,,,true,,0,0,0,0,0,0,0
03/08/2017 19:28,47296,10.10.3.16 CPU,,,,,true,,0,0,0,0,0,0,0
03/08/2017 19:28,96198,10.10.3.16 CPU,,,,,true,,0,0,0,0,0,0,0
03/08/2017 19:28,66912,10.10.3.16 CPU,,,,,true,,0,0,0,0,0,0,0
03/08/2017 19:28,57217,10.10.3.16 CPU,,,,,true,,0,0,0,0,0,0,0
03/08/2017 19:28,28117,10.10.3.16 CPU,,,,,true,,0,0,0,0,0,0,0
03/08/2017 19:28,16321,10.10.3.16 CPU,,,,,true,,0,0,0,0,0,0,0
03/08/2017 19:28,18547,10.10.3.16 CPU,,,,,true,,0,0,0,0,0,0,0
03/08/2017 19:30,284,10.10.3.16 CPU,,,,,true,,0,0,0,0,0,0,0
03/08/2017 19:30,775,10.10.3.16 CPU,,,,,true,,0,0,0,0,0,0,0
03/08/2017 19:30,0,10.10.3.16 CPU,,,,,true,,0,0,0,0,0,0,0
03/08/2017 19:30,15464,10.10.3.16 CPU,,,,,true,,0,0,0,0,0,0,0
03/08/2017 19:30,15666,10.10.3.16 CPU,,,,,true,,0,0,0,0,0,0,0
03/08/2017 19:30,33713,10.10.3.16 CPU,,,,,true,,0,0,0,0,0,0,0
03/08/2017 19:30,77132,10.10.3.16 CPU,,,,,true,,0,0,0,0,0,0,0
03/08/2017 19:30,69209,10.10.3.16 CPU,,,,,true,,0,0,0,0,0,0,0
03/08/2017 19:30,83089,10.10.3.16 CPU,,,,,true,,0,0,0,0,0,0,0
03/08/2017 19:30,73456,10.10.3.16 CPU,,,,,true,,0,0,0,0,0,0,0
03/08/2017 19:30,27631,10.10.3.16 CPU,,,,,true,,0,0,0,0,0,0,0
26/09/2017 11:50,1176,10.10.3.16 CPU,,,,,true,,0,0,0,0,0,0,0
26/09/2017 11:50,21628,10.10.3.16 CPU,,,,,true,,0,0,0,0,0,0,0
26/09/2017 11:50,13718,10.10.3.16 CPU,,,,,true,,0,0,0,0,0,0,0
26/09/2017 11:50,11496,10.10.3.16 CPU,,,,,true,,0,0,0,0,0,0,0
26/09/2017 11:50,13708,10.10.3.16 CPU,,,,,true,,0,0,0,0,0,0,0
26/09/2017 11:50,0,10.10.3.16 CPU,,,,,true,,0,0,0,0,0,0,0
26/09/2017 11:50,1957,10.10.3.16 CPU,,,,,true,,0,0,0,0,0,0,0
26/09/2017 11:50,372,10.10.3.16 CPU,,,,,true,,0,0,0,0,0,0,0
26/09/2017 11:50,806,10.10.3.16 CPU,,,,,true,,0,0,0,0,0,0,0
26/09/2017 11:50,790,10.10.3.16 CPU,,,,,true,,0,0,0,0,0,0,0
26/09/2017 11:50,375,10.10.3.16 CPU,,,,,true,,0,0,0,0,0,0,0
26/09/2017 11:50,0,10.10.3.16 CPU,,,,,true,,0,0,0,0,0,0,0
26/09/2017 11:50,399,10.10.3.16 CPU,,,,,true,,0,0,0,0,0,0,0
26/09/2017 11:50,772,10.10.3.16 CPU,,,,,true,,0,0,0,0,0,0,0
26/09/2017 11:50,1538,10.10.3.16 CPU,,,,,true,,0,0,0,0,0,0,0
26/09/2017 11:50,799,10.10.3.16 CPU,,,,,true,,0,0,0,0,0,0,0
26/09/2017 11:50,1170,10.10.3.16 CPU,,,,,true,,0,0,0,0,0,0,0
26/09/2017 11:50,747,10.10.3.16 CPU,,,,,true,,0,0,0,0,0,0,0
26/09/2017 11:50,401,10.10.3.16 CPU,,,,,true,,0,0,0,0,0,0,0
26/09/2017 11:50,396,10.10.3.16 CPU,,,,,true,,0,0,0,0,0,0,0
26/09/2017 11:50,1580,10.10.3.16 CPU,,,,,true,,0,0,0,0,0,0,0
26/09/2017 11:50,0,10.10.3.16 CPU,,,,,true,,0,0,0,0,0,0,0
26/09/2017 11:50,772,10.10.3.16 CPU,,,,,true,,0,0,0,0,0,0,0
26/09/2017 11:50,2340,10.10.3.16 CPU,,,,,true,,0,0,0,0,0,0,0
26/09/2017 11:50,1150,10.10.3.16 CPU,,,,,true,,0,0,0,0,0,0,0
26/09/2017 11:50,0,10.10.3.16 CPU,,,,,true,,0,0,0,0,0,0,0
26/09/2017 11:50,1204,10.10.3.16 CPU,,,,,true,,0,0,0,0,0,0,0
26/09/2017 11:50,4657,10.10.3.16 CPU,,,,,true,,0,0,0,0,0,0,0
26/09/2017 11:50,777,10.10.3.16 CPU,,,,,true,,0,0,0,0,0,0,0
26/09/2017 11:50,2331,10.10.3.16 CPU,,,,,true,,0,0,0,0,0,0,0
26/09/2017 11:50,0,10.10.3.16 CPU,,,,,true,,0,0,0,0,0,0,0
26/09/2017 11:50,398,10.10.3.16 CPU,,,,,true,,0,0,0,0,0,0,0
26/09/2017 11:50,1188,10.10.3.16 CPU,,,,,true,,0,0,0,0,0,0,0
26/09/2017 11:50,0,10.10.3.16 CPU,,,,,true,,0,0,0,0,0,0,0
26/09/2017 11:50,777,10.10.3.16 CPU,,,,,true,,0,0,0,0,0,0,0
26/09/2017 11:50,0,10.10.3.16 CPU,,,,,true,,0,0,0,0,0,0,0
26/09/2017 11:50,2704,10.10.3.16 CPU,,,,,true,,0,0,0,0,0,0,0
26/09/2017 11:50,1966,10.10.3.16 CPU,,,,,true,,0,0,0,0,0,0,0
26/09/2017 11:50,0,10.10.3.16 CPU,,,,,true,,0,0,0,0,0,0,0
26/09/2017 11:50,378,10.10.3.16 CPU,,,,,true,,0,0,0,0,0,0,0
26/09/2017 11:50,790,10.10.3.16 CPU,,,,,true,,0,0,0,0,0,0,0
26/09/2017 11:50,756,10.10.3.16 CPU,,,,,true,,0,0,0,0,0,0,0
26/09/2017 11:50,0,10.10.3.16 CPU,,,,,true,,0,0,0,0,0,0,0
26/09/2017 11:50,19931,10.10.3.16 CPU,,,,,true,,0,0,0,0,0,0,0
26/09/2017 11:50,68367,10.10.3.16 CPU,,,,,true,,0,0,0,0,0,0,0
26/09/2017 11:50,74993,10.10.3.16 CPU,,,,,true,,0,0,0,0,0,0,0
26/09/2017 11:50,90750,10.10.3.16 CPU,,,,,true,,0,0,0,0,0,0,0
26/09/2017 11:50,97275,10.10.3.16 CPU,,,,,true,,0,0,0,0,0,0,0
26/09/2017 11:50,67199,10.10.3.16 CPU,,,,,true,,0,0,0,0,0,0,0
26/09/2017 11:50,90811,10.10.3.16 CPU,,,,,true,,0,0,0,0,0,0,0
26/09/2017 11:50,99237,10.10.3.16 CPU,,,,,true,,0,0,0,0,0,0,0
26/09/2017 11:50,95412,10.10.3.16 CPU,,,,,true,,0,0,0,0,0,0,0
26/09/2017 11:50,99206,10.10.3.16 CPU,,,,,true,,0,0,0,0,0,0,0
26/09/2017 11:50,94171,10.10.3.16 CPU,,,,,true,,0,0,0,0,0,0,0
26/09/2017 11:50,94567,10.10.3.16 CPU,,,,,true,,0,0,0,0,0,0,0
26/09/2017 11:50,96075,10.10.3.16 CPU,,,,,true,,0,0,0,0,0,0,0
26/09/2017 11:50,69646,10.10.3.16 CPU,,,,,true,,0,0,0,0,0,0,0
26/09/2017 11:51,35408,10.10.3.16 CPU,,,,,true,,0,0,0,0,0,0,0
26/09/2017 11:52,1191,10.10.3.16 CPU,,,,,true,,0,0,0,0,0,0,0
26/09/2017 11:52,23432,10.10.3.16 CPU,,,,,true,,0,0,0,0,0,0,0
26/09/2017 11:52,13228,10.10.3.16 CPU,,,,,true,,0,0,0,0,0,0,0
26/09/2017 11:52,12450,10.10.3.16 CPU,,,,,true,,0,0,0,0,0,0,0
26/09/2017 11:52,15625,10.10.3.16 CPU,,,,,true,,0,0,0,0,0,0,0
26/09/2017 11:52,0,10.10.3.16 CPU,,,,,true,,0,0,0,0,0,0,0
26/09/2017 11:52,1575,10.10.3.16 CPU,,,,,true,,0,0,0,0,0,0,0
26/09/2017 11:52,372,10.10.3.16 CPU,,,,,true,,0,0,0,0,0,0,0
26/09/2017 11:52,0,10.10.3.16 CPU,,,,,true,,0,0,0,0,0,0,0
26/09/2017 11:52,771,10.10.3.16 CPU,,,,,true,,0,0,0,0,0,0,0
26/09/2017 11:52,750,10.10.3.16 CPU,,,,,true,,0,0,0,0,0,0,0
26/09/2017 11:52,0,10.10.3.16 CPU,,,,,true,,0,0,0,0,0,0,0
26/09/2017 11:52,400,10.10.3.16 CPU,,,,,true,,0,0,0,0,0,0,0
26/09/2017 11:52,1550,10.10.3.16 CPU,,,,,true,,0,0,0,0,0,0,0
26/09/2017 11:52,4662,10.10.3.16 CPU,,,,,true,,0,0,0,0,0,0,0
26/09/2017 11:52,3909,10.10.3.16 CPU,,,,,true,,0,0,0,0,0,0,0
26/09/2017 11:52,774,10.10.3.16 CPU,,,,,true,,0,0,0,0,0,0,0
26/09/2017 11:52,2350,10.10.3.16 CPU,,,,,true,,0,0,0,0,0,0,0
26/09/2017 11:52,775,10.10.3.16 CPU,,,,,true,,0,0,0,0,0,0,0
26/09/2017 11:52,766,10.10.3.16 CPU,,,,,true,,0,0,0,0,0,0,0
26/09/2017 11:52,0,10.10.3.16 CPU,,,,,true,,0,0,0,0,0,0,0
26/09/2017 11:52,376,10.10.3.16 CPU,,,,,true,,0,0,0,0,0,0,0
26/09/2017 11:52,0,10.10.3.16 CPU,,,,,true,,0,0,0,0,0,0,0
26/09/2017 11:52,799,10.10.3.16 CPU,,,,,true,,0,0,0,0,0,0,0
26/09/2017 11:52,395,10.10.3.16 CPU,,,,,true,,0,0,0,0,0,0,0
26/09/2017 11:52,781,10.10.3.16 CPU,,,,,true,,0,0,0,0,0,0,0
26/09/2017 11:52,2725,10.10.3.16 CPU,,,,,true,,0,0,0,0,0,0,0
26/09/2017 11:52,3885,10.10.3.16 CPU,,,,,true,,0,0,0,0,0,0,0
26/09/2017 11:52,396,10.10.3.16 CPU,,,,,true,,0,0,0,0,0,0,0
26/09/2017 11:52,400,10.10.3.16 CPU,,,,,true,,0,0,0,0,0,0,0
26/09/2017 11:52,793,10.10.3.16 CPU,,,,,true,,0,0,0,0,0,0,0
26/09/2017 11:52,399,10.10.3.16 CPU,,,,,true,,0,0,0,0,0,0,0
26/09/2017 11:52,0,10.10.3.16 CPU,,,,,true,,0,0,0,0,0,0,0
26/09/2017 11:52,396,10.10.3.16 CPU,,,,,true,,0,0,0,0,0,0,0
26/09/2017 11:52,747,10.10.3.16 CPU,,,,,true,,0,0,0,0,0,0,0
26/09/2017 11:52,799,10.10.3.16 CPU,,,,,true,,0,0,0,0,0,0,0
26/09/2017 11:52,373,10.10.3.16 CPU,,,,,true,,0,0,0,0,0,0,0
26/09/2017 11:52,399,10.10.3.16 CPU,,,,,true,,0,0,0,0,0,0,0
26/09/2017 11:52,0,10.10.3.16 CPU,,,,,true,,0,0,0,0,0,0,0
26/09/2017 11:52,778,10.10.3.16 CPU,,,,,true,,0,0,0,0,0,0,0
26/09/2017 11:52,0,10.10.3.16 CPU,,,,,true,,0,0,0,0,0,0,0
26/09/2017 11:52,1568,10.10.3.16 CPU,,,,,true,,0,0,0,0,0,0,0
26/09/2017 11:52,1145,10.10.3.16 CPU,,,,,true,,0,0,0,0,0,0,0
26/09/2017 11:52,12653,10.10.3.16 CPU,,,,,true,,0,0,0,0,0,0,0
26/09/2017 11:52,54313,10.10.3.16 CPU,,,,,true,,0,0,0,0,0,0,0
26/09/2017 11:53,79736,10.10.3.16 CPU,,,,,true,,0,0,0,0,0,0,0
26/09/2017 11:53,93773,10.10.3.16 CPU,,,,,true,,0,0,0,0,0,0,0
26/09/2017 11:53,98430,10.10.3.16 CPU,,,,,true,,0,0,0,0,0,0,0
26/09/2017 11:53,96888,10.10.3.16 CPU,,,,,true,,0,0,0,0,0,0,0
26/09/2017 11:53,96152,10.10.3.16 CPU,,,,,true,,0,0,0,0,0,0,0
26/09/2017 11:53,98829,10.10.3.16 CPU,,,,,true,,0,0,0,0,0,0,0
26/09/2017 11:53,96129,10.10.3.16 CPU,,,,,true,,0,0,0,0,0,0,0
26/09/2017 11:53,97212,10.10.3.16 CPU,,,,,true,,0,0,0,0,0,0,0
26/09/2017 11:53,81037,10.10.3.16 CPU,,,,,true,,0,0,0,0,0,0,0
26/09/2017 11:53,68970,10.10.3.16 CPU,,,,,true,,0,0,0,0,0,0,0
26/09/2017 11:53,50012,10.10.3.16 CPU,,,,,true,,0,0,0,0,0,0,0
26/09/2017 12:22,942,10.10.3.16 CPU,,,,,true,,0,0,0,0,0,0,0
26/09/2017 12:22,42287,10.10.3.16 CPU,,,,,true,,0,0,0,0,0,0,0
26/09/2017 12:22,88907,10.10.3.16 CPU,,,,,true,,0,0,0,0,0,0,0
26/09/2017 12:22,91038,10.10.3.16 CPU,,,,,true,,0,0,0,0,0,0,0
26/09/2017 12:22,95353,10.10.3.16 CPU,,,,,true,,0,0,0,0,0,0,0
26/09/2017 12:22,78226,10.10.3.16 CPU,,,,,true,,0,0,0,0,0,0,0
26/09/2017 12:22,42415,10.10.3.16 CPU,,,,,true,,0,0,0,0,0,0,0
26/09/2017 12:22,96569,10.10.3.16 CPU,,,,,true,,0,0,0,0,0,0,0
26/09/2017 12:22,92840,10.10.3.16 CPU,,,,,true,,0,0,0,0,0,0,0
26/09/2017 12:22,81196,10.10.3.16 CPU,,,,,true,,0,0,0,0,0,0,0
26/09/2017 12:22,80903,10.10.3.16 CPU,,,,,true,,0,0,0,0,0,0,0
26/09/2017 12:23,3319,10.10.3.16 CPU,,,,,true,,0,0,0,0,0,0,0
26/09/2017 12:23,48794,10.10.3.16 CPU,,,,,true,,0,0,0,0,0,0,0
26/09/2017 12:23,76464,10.10.3.16 CPU,,,,,true,,0,0,0,0,0,0,0
26/09/2017 12:23,89692,10.10.3.16 CPU,,,,,true,,0,0,0,0,0,0,0
26/09/2017 12:23,98805,10.10.3.16 CPU,,,,,true,,0,0,0,0,0,0,0
26/09/2017 12:23,97360,10.10.3.16 CPU,,,,,true,,0,0,0,0,0,0,0
26/09/2017 12:23,83231,10.10.3.16 CPU,,,,,true,,0,0,0,0,0,0,0
26/09/2017 12:23,70173,10.10.3.16 CPU,,,,,true,,0,0,0,0,0,0,0
26/09/2017 12:23,34391,10.10.3.16 CPU,,,,,true,,0,0,0,0,0,0,0
26/09/2017 12:29,373,10.10.3.16 CPU,,,,,true,,0,0,0,0,0,0,0
26/09/2017 12:29,40850,10.10.3.16 CPU,,,,,true,,0,0,0,0,0,0,0
26/09/2017 12:29,76444,10.10.3.16 CPU,,,,,true,,0,0,0,0,0,0,0
26/09/2017 12:29,86341,10.10.3.16 CPU,,,,,true,,0,0,0,0,0,0,0
26/09/2017 12:29,96852,10.10.3.16 CPU,,,,,true,,0,0,0,0,0,0,0
26/09/2017 12:29,96566,10.10.3.16 CPU,,,,,true,,0,0,0,0,0,0,0
26/09/2017 12:29,93350,10.10.3.16 CPU,,,,,true,,0,0,0,0,0,0,0
26/09/2017 12:29,86796,10.10.3.16 CPU,,,,,true,,0,0,0,0,0,0,0
26/09/2017 12:29,71824,10.10.3.16 CPU,,,,,true,,0,0,0,0,0,0,0
26/09/2017 12:29,48828,10.10.3.16 CPU,,,,,true,,0,0,0,0,0,0,0
26/09/2017 12:31,1256,10.10.3.16 CPU,,,,,true,,0,0,0,0,0,0,0
26/09/2017 12:31,46092,10.10.3.16 CPU,,,,,true,,0,0,0,0,0,0,0
26/09/2017 12:31,81545,10.10.3.16 CPU,,,,,true,,0,0,0,0,0,0,0
26/09/2017 12:31,85525,10.10.3.16 CPU,,,,,true,,0,0,0,0,0,0,0
26/09/2017 12:31,94494,10.10.3.16 CPU,,,,,true,,0,0,0,0,0,0,0
26/09/2017 12:31,97286,10.10.3.16 CPU,,,,,true,,0,0,0,0,0,0,0
26/09/2017 12:31,93373,10.10.3.16 CPU,,,,,true,,0,0,0,0,0,0,0
26/09/2017 12:31,67959,10.10.3.16 CPU,,,,,true,,0,0,0,0,0,0,0
26/09/2017 12:31,47510,10.10.3.16 CPU,,,,,true,,0,0,0,0,0,0,0
26/09/2017 12:34,303,10.10.3.16 CPU,,,,,true,,0,0,0,0,0,0,0
26/09/2017 12:34,30793,10.10.3.16 CPU,,,,,true,,0,0,0,0,0,0,0
26/09/2017 12:34,57974,10.10.3.16 CPU,,,,,true,,0,0,0,0,0,0,0
26/09/2017 12:34,81656,10.10.3.16 CPU,,,,,true,,0,0,0,0,0,0,0
26/09/2017 12:34,68445,10.10.3.16 CPU,,,,,true,,0,0,0,0,0,0,0
26/09/2017 12:34,96575,10.10.3.16 CPU,,,,,true,,0,0,0,0,0,0,0
26/09/2017 12:34,96513,10.10.3.16 CPU,,,,,true,,0,0,0,0,0,0,0
26/09/2017 12:34,94567,10.10.3.16 CPU,,,,,true,,0,0,0,0,0,0,0
26/09/2017 12:34,79317,10.10.3.16 CPU,,,,,true,,0,0,0,0,0,0,0
26/09/2017 12:35,988,10.10.3.16 CPU,,,,,true,,0,0,0,0,0,0,0
26/09/2017 12:35,48050,10.10.3.16 CPU,,,,,true,,0,0,0,0,0,0,0
26/09/2017 12:35,64474,10.10.3.16 CPU,,,,,true,,0,0,0,0,0,0,0
26/09/2017 12:35,87874,10.10.3.16 CPU,,,,,true,,0,0,0,0,0,0,0
26/09/2017 12:35,98050,10.10.3.16 CPU,,,,,true,,0,0,0,0,0,0,0
26/09/2017 12:35,92973,10.10.3.16 CPU,,,,,true,,0,0,0,0,0,0,0
26/09/2017 12:35,86011,10.10.3.16 CPU,,,,,true,,0,0,0,0,0,0,0
26/09/2017 12:35,60569,10.10.3.16 CPU,,,,,true,,0,0,0,0,0,0,0
26/09/2017 12:35,51145,10.10.3.16 CPU,,,,,true,,0,0,0,0,0,0,0
26/09/2017 12:38,1467,10.10.3.16 CPU,,,,,true,,0,0,0,0,0,0,0
26/09/2017 12:38,24468,10.10.3.16 CPU,,,,,true,,0,0,0,0,0,0,0
26/09/2017 12:38,61070,10.10.3.16 CPU,,,,,true,,0,0,0,0,0,0,0
26/09/2017 12:38,85567,10.10.3.16 CPU,,,,,true,,0,0,0,0,0,0,0
26/09/2017 12:38,98078,10.10.3.16 CPU,,,,,true,,0,0,0,0,0,0,0
26/09/2017 12:38,90855,10.10.3.16 CPU,,,,,true,,0,0,0,0,0,0,0
26/09/2017 12:38,86270,10.10.3.16 CPU,,,,,true,,0,0,0,0,0,0,0
26/09/2017 12:38,76056,10.10.3.16 CPU,,,,,true,,0,0,0,0,0,0,0
26/09/2017 12:38,78709,10.10.3.16 CPU,,,,,true,,0,0,0,0,0,0,0
26/09/2017 12:38,39372,10.10.3.16 CPU,,,,,true,,0,0,0,0,0,0,0
26/09/2017 12:39,1663,10.10.3.16 CPU,,,,,true,,0,0,0,0,0,0,0
26/09/2017 12:39,54841,10.10.3.16 CPU,,,,,true,,0,0,0,0,0,0,0
26/09/2017 12:39,74705,10.10.3.16 CPU,,,,,true,,0,0,0,0,0,0,0
26/09/2017 12:39,94988,10.10.3.16 CPU,,,,,true,,0,0,0,0,0,0,0
26/09/2017 12:39,96946,10.10.3.16 CPU,,,,,true,,0,0,0,0,0,0,0
26/09/2017 12:39,92090,10.10.3.16 CPU,,,,,true,,0,0,0,0,0,0,0
26/09/2017 12:39,81770,10.10.3.16 CPU,,,,,true,,0,0,0,0,0,0,0
26/09/2017 12:40,89910,10.10.3.16 CPU,,,,,true,,0,0,0,0,0,0,0
26/09/2017 12:42,1312,10.10.3.16 CPU,,,,,true,,0,0,0,0,0,0,0
26/09/2017 12:43,58391,10.10.3.16 CPU,,,,,true,,0,0,0,0,0,0,0
26/09/2017 12:43,79770,10.10.3.16 CPU,,,,,true,,0,0,0,0,0,0,0
26/09/2017 12:43,94609,10.10.3.16 CPU,,,,,true,,0,0,0,0,0,0,0
26/09/2017 12:43,98425,10.10.3.16 CPU,,,,,true,,0,0,0,0,0,0,0
26/09/2017 12:43,90719,10.10.3.16 CPU,,,,,true,,0,0,0,0,0,0,0
26/09/2017 12:43,60064,10.10.3.16 CPU,,,,,true,,0,0,0,0,0,0,0
26/09/2017 12:44,1693,10.10.3.16 CPU,,,,,true,,0,0,0,0,0,0,0
26/09/2017 12:44,52153,10.10.3.16 CPU,,,,,true,,0,0,0,0,0,0,0
26/09/2017 12:44,79382,10.10.3.16 CPU,,,,,true,,0,0,0,0,0,0,0
26/09/2017 12:44,93048,10.10.3.16 CPU,,,,,true,,0,0,0,0,0,0,0
26/09/2017 12:44,99212,10.10.3.16 CPU,,,,,true,,0,0,0,0,0,0,0
26/09/2017 12:44,96558,10.10.3.16 CPU,,,,,true,,0,0,0,0,0,0,0
26/09/2017 12:44,90662,10.10.3.16 CPU,,,,,true,,0,0,0,0,0,0,0
26/09/2017 12:44,51562,10.10.3.16 CPU,,,,,true,,0,0,0,0,0,0,0
26/09/2017 12:44,30964,10.10.3.16 CPU,,,,,true,,0,0,0,0,0,0,0
06/10/2017 13:45,5742,10.10.3.16 CPU,,,,,true,,0,0,0,0,0,0,0
06/10/2017 13:45,35806,10.10.3.16 CPU,,,,,true,,0,0,0,0,0,0,0
06/10/2017 13:45,80838,10.10.3.16 CPU,,,,,true,,0,0,0,0,0,0,0
06/10/2017 13:45,71211,10.10.3.16 CPU,,,,,true,,0,0,0,0,0,0,0
06/10/2017 13:45,84375,10.10.3.16 CPU,,,,,true,,0,0,0,0,0,0,0
06/10/2017 13:45,76167,10.10.3.16 CPU,,,,,true,,0,0,0,0,0,0,0
06/10/2017 13:45,87878,10.10.3.16 CPU,,,,,true,,0,0,0,0,0,0,0
06/10/2017 13:45,90640,10.10.3.16 CPU,,,,,true,,0,0,0,0,0,0,0
06/10/2017 13:45,61555,10.10.3.16 CPU,,,,,true,,0,0,0,0,0,0,0
06/10/2017 13:45,44588,10.10.3.16 CPU,,,,,true,,0,0,0,0,0,0,0
06/10/2017 13:45,99239,10.10.3.16 CPU,,,,,true,,0,0,0,0,0,0,0
06/10/2017 13:45,88324,10.10.3.16 CPU,,,,,true,,0,0,0,0,0,0,0
06/10/2017 13:45,95776,10.10.3.16 CPU,,,,,true,,0,0,0,0,0,0,0
06/10/2017 13:45,84458,10.10.3.16 CPU,,,,,true,,0,0,0,0,0,0,0
06/10/2017 13:45,87925,10.10.3.16 CPU,,,,,true,,0,0,0,0,0,0,0
06/10/2017 13:45,99618,10.10.3.16 CPU,,,,,true,,0,0,0,0,0,0,0
06/10/2017 13:45,100000,10.10.3.16 CPU,,,,,true,,0,0,0,0,0,0,0
06/10/2017 13:45,100000,10.10.3.16 CPU,,,,,true,,0,0,0,0,0,0,0
06/10/2017 13:45,91960,10.10.3.16 CPU,,,,,true,,0,0,0,0,0,0,0
06/10/2017 13:46,72219,10.10.3.16 CPU,,,,,true,,0,0,0,0,0,0,0
06/10/2017 13:46,68625,10.10.3.16 CPU,,,,,true,,0,0,0,0,0,0,0
06/10/2017 13:46,62447,10.10.3.16 CPU,,,,,true,,0,0,0,0,0,0,0
06/10/2017 13:46,78439,10.10.3.16 CPU,,,,,true,,0,0,0,0,0,0,0
06/10/2017 13:46,94630,10.10.3.16 CPU,,,,,true,,0,0,0,0,0,0,0
06/10/2017 13:47,2721,10.10.3.16 CPU,,,,,true,,0,0,0,0,0,0,0
06/10/2017 13:47,71795,10.10.3.16 CPU,,,,,true,,0,0,0,0,0,0,0
06/10/2017 13:47,73672,10.10.3.16 CPU,,,,,true,,0,0,0,0,0,0,0
06/10/2017 13:47,89236,10.10.3.16 CPU,,,,,true,,0,0,0,0,0,0,0
06/10/2017 13:47,96852,10.10.3.16 CPU,,,,,true,,0,0,0,0,0,0,0
06/10/2017 13:47,99224,10.10.3.16 CPU,,,,,true,,0,0,0,0,0,0,0
06/10/2017 13:47,97272,10.10.3.16 CPU,,,,,true,,0,0,0,0,0,0,0
06/10/2017 13:47,98058,10.10.3.16 CPU,,,,,true,,0,0,0,0,0,0,0
06/10/2017 13:47,93774,10.10.3.16 CPU,,,,,true,,0,0,0,0,0,0,0
06/10/2017 13:47,65771,10.10.3.16 CPU,,,,,true,,0,0,0,0,0,0,0
06/10/2017 14:54,4461,10.10.3.16 CPU,,,,,true,,0,0,0,0,0,0,0
06/10/2017 14:54,47316,10.10.3.16 CPU,,,,,true,,0,0,0,0,0,0,0
06/10/2017 14:54,26914,10.10.3.16 CPU,,,,,true,,0,0,0,0,0,0,0
06/10/2017 14:54,31516,10.10.3.16 CPU,,,,,true,,0,0,0,0,0,0,0
06/10/2017 14:54,21787,10.10.3.16 CPU,,,,,true,,0,0,0,0,0,0,0
06/10/2017 14:54,10209,10.10.3.16 CPU,,,,,true,,0,0,0,0,0,0,0
06/10/2017 14:54,802,10.10.3.16 CPU,,,,,true,,0,0,0,0,0,0,0
06/10/2017 14:54,1556,10.10.3.16 CPU,,,,,true,,0,0,0,0,0,0,0
06/10/2017 14:54,5039,10.10.3.16 CPU,,,,,true,,0,0,0,0,0,0,0
06/10/2017 14:54,3124,10.10.3.16 CPU,,,,,true,,0,0,0,0,0,0,0
06/10/2017 14:54,1562,10.10.3.16 CPU,,,,,true,,0,0,0,0,0,0,0
06/10/2017 14:54,1159,10.10.3.16 CPU,,,,,true,,0,0,0,0,0,0,0
06/10/2017 14:54,1974,10.10.3.16 CPU,,,,,true,,0,0,0,0,0,0,0
06/10/2017 14:54,1935,10.10.3.16 CPU,,,,,true,,0,0,0,0,0,0,0
06/10/2017 14:54,2343,10.10.3.16 CPU,,,,,true,,0,0,0,0,0,0,0
06/10/2017 14:54,2316,10.10.3.16 CPU,,,,,true,,0,0,0,0,0,0,0
06/10/2017 14:54,1974,10.10.3.16 CPU,,,,,true,,0,0,0,0,0,0,0
06/10/2017 14:54,1550,10.10.3.16 CPU,,,,,true,,0,0,0,0,0,0,0
06/10/2017 14:54,1165,10.10.3.16 CPU,,,,,true,,0,0,0,0,0,0,0
06/10/2017 14:54,1587,10.10.3.16 CPU,,,,,true,,0,0,0,0,0,0,0
06/10/2017 14:54,1574,10.10.3.16 CPU,,,,,true,,0,0,0,0,0,0,0
06/10/2017 14:54,1925,10.10.3.16 CPU,,,,,true,,0,0,0,0,0,0,0
06/10/2017 14:54,3496,10.10.3.16 CPU,,,,,true,,0,0,0,0,0,0,0
06/10/2017 14:54,3100,10.10.3.16 CPU,,,,,true,,0,0,0,0,0,0,0
06/10/2017 14:54,2316,10.10.3.16 CPU,,,,,true,,0,0,0,0,0,0,0
06/10/2017 14:54,3552,10.10.3.16 CPU,,,,,true,,0,0,0,0,0,0,0
06/10/2017 14:54,1950,10.10.3.16 CPU,,,,,true,,0,0,0,0,0,0,0
06/10/2017 14:54,1550,10.10.3.16 CPU,,,,,true,,0,0,0,0,0,0,0
06/10/2017 14:54,1181,10.10.3.16 CPU,,,,,true,,0,0,0,0,0,0,0
06/10/2017 14:54,1562,10.10.3.16 CPU,,,,,true,,0,0,0,0,0,0,0
06/10/2017 14:54,2334,10.10.3.16 CPU,,,,,true,,0,0,0,0,0,0,0
06/10/2017 14:54,4233,10.10.3.16 CPU,,,,,true,,0,0,0,0,0,0,0
06/10/2017 14:54,3539,10.10.3.16 CPU,,,,,true,,0,0,0,0,0,0,0
06/10/2017 14:54,5850,10.10.3.16 CPU,,,,,true,,0,0,0,0,0,0,0
06/10/2017 14:54,1568,10.10.3.16 CPU,,,,,true,,0,0,0,0,0,0,0
06/10/2017 14:54,3924,10.10.3.16 CPU,,,,,true,,0,0,0,0,0,0,0
06/10/2017 14:54,2340,10.10.3.16 CPU,,,,,true,,0,0,0,0,0,0,0
06/10/2017 14:54,2316,10.10.3.16 CPU,,,,,true,,0,0,0,0,0,0,0
06/10/2017 14:54,1575,10.10.3.16 CPU,,,,,true,,0,0,0,0,0,0,0
06/10/2017 14:54,1957,10.10.3.16 CPU,,,,,true,,0,0,0,0,0,0,0
06/10/2017 14:54,1556,10.10.3.16 CPU,,,,,true,,0,0,0,0,0,0,0
06/10/2017 14:54,1550,10.10.3.16 CPU,,,,,true,,0,0,0,0,0,0,0
06/10/2017 14:54,1950,10.10.3.16 CPU,,,,,true,,0,0,0,0,0,0,0
06/10/2017 14:54,1175,10.10.3.16 CPU,,,,,true,,0,0,0,0,0,0,0
06/10/2017 14:54,41760,10.10.3.16 CPU,,,,,true,,0,0,0,0,0,0,0
06/10/2017 14:54,88263,10.10.3.16 CPU,,,,,true,,0,0,0,0,0,0,0
06/10/2017 14:54,78984,10.10.3.16 CPU,,,,,true,,0,0,0,0,0,0,0
06/10/2017 14:54,76911,10.10.3.16 CPU,,,,,true,,0,0,0,0,0,0,0
06/10/2017 14:54,71125,10.10.3.16 CPU,,,,,true,,0,0,0,0,0,0,0
06/10/2017 14:54,97668,10.10.3.16 CPU,,,,,true,,0,0,0,0,0,0,0
06/10/2017 14:54,72051,10.10.3.16 CPU,,,,,true,,0,0,0,0,0,0,0
06/10/2017 14:54,61324,10.10.3.16 CPU,,,,,true,,0,0,0,0,0,0,0
06/10/2017 14:54,72291,10.10.3.16 CPU,,,,,true,,0,0,0,0,0,0,0
06/10/2017 14:54,99595,10.10.3.16 CPU,,,,,true,,0,0,0,0,0,0,0
06/10/2017 14:54,100000,10.10.3.16 CPU,,,,,true,,0,0,0,0,0,0,0
06/10/2017 14:54,100000,10.10.3.16 CPU,,,,,true,,0,0,0,0,0,0,0
06/10/2017 14:54,99255,10.10.3.16 CPU,,,,,true,,0,0,0,0,0,0,0
06/10/2017 14:55,97665,10.10.3.16 CPU,,,,,true,,0,0,0,0,0,0,0
06/10/2017 14:55,98050,10.10.3.16 CPU,,,,,true,,0,0,0,0,0,0,0
06/10/2017 14:55,99236,10.10.3.16 CPU,,,,,true,,0,0,0,0,0,0,0
06/10/2017 14:55,98824,10.10.3.16 CPU,,,,,true,,0,0,0,0,0,0,0
06/10/2017 14:55,97450,10.10.3.16 CPU,,,,,true,,0,0,0,0,0,0,0
06/10/2017 14:55,81645,10.10.3.16 CPU,,,,,true,,0,0,0,0,0,0,0
06/10/2017 14:55,82400,10.10.3.16 CPU,,,,,true,,0,0,0,0,0,0,0
06/10/2017 14:55,91619,10.10.3.16 CPU,,,,,true,,0,0,0,0,0,0,0
06/10/2017 14:55,95725,10.10.3.16 CPU,,,,,true,,0,0,0,0,0,0,0
06/10/2017 14:55,96041,10.10.3.16 CPU,,,,,true,,0,0,0,0,0,0,0
06/10/2017 14:55,93723,10.10.3.16 CPU,,,,,true,,0,0,0,0,0,0,0
06/10/2017 14:55,82076,10.10.3.16 CPU,,,,,true,,0,0,0,0,0,0,0
06/10/2017 14:55,60242,10.10.3.16 CPU,,,,,true,,0,0,0,0,0,0,0
06/10/2017 14:55,59697,10.10.3.16 CPU,,,,,true,,0,0,0,0,0,0,0
06/10/2017 14:55,77127,10.10.3.16 CPU,,,,,true,,0,0,0,0,0,0,0
06/10/2017 14:55,95789,10.10.3.16 CPU,,,,,true,,0,0,0,0,0,0,0
06/10/2017 14:55,93380,10.10.3.16 CPU,,,,,true,,0,0,0,0,0,0,0
06/10/2017 14:56,4328,10.10.3.16 CPU,,,,,true,,0,0,0,0,0,0,0
06/10/2017 14:56,18870,10.10.3.16 CPU,,,,,true,,0,0,0,0,0,0,0
06/10/2017 14:56,15476,10.10.3.16 CPU,,,,,true,,0,0,0,0,0,0,0
06/10/2017 14:56,15483,10.10.3.16 CPU,,,,,true,,0,0,0,0,0,0,0
06/10/2017 14:56,14184,10.10.3.16 CPU,,,,,true,,0,0,0,0,0,0,0
06/10/2017 14:56,3538,10.10.3.16 CPU,,,,,true,,0,0,0,0,0,0,0
06/10/2017 14:56,2739,10.10.3.16 CPU,,,,,true,,0,0,0,0,0,0,0
06/10/2017 14:56,3510,10.10.3.16 CPU,,,,,true,,0,0,0,0,0,0,0
06/10/2017 14:56,3860,10.10.3.16 CPU,,,,,true,,0,0,0,0,0,0,0
06/10/2017 14:56,2374,10.10.3.16 CPU,,,,,true,,0,0,0,0,0,0,0
06/10/2017 14:56,3463,10.10.3.16 CPU,,,,,true,,0,0,0,0,0,0,0
06/10/2017 14:56,2364,10.10.3.16 CPU,,,,,true,,0,0,0,0,0,0,0
06/10/2017 14:56,2710,10.10.3.16 CPU,,,,,true,,0,0,0,0,0,0,0
06/10/2017 14:56,1959,10.10.3.16 CPU,,,,,true,,0,0,0,0,0,0,0
06/10/2017 14:56,3136,10.10.3.16 CPU,,,,,true,,0,0,0,0,0,0,0
06/10/2017 14:56,2359,10.10.3.16 CPU,,,,,true,,0,0,0,0,0,0,0
06/10/2017 14:56,1531,10.10.3.16 CPU,,,,,true,,0,0,0,0,0,0,0
06/10/2017 14:56,1599,10.10.3.16 CPU,,,,,true,,0,0,0,0,0,0,0
06/10/2017 14:56,4603,10.10.3.16 CPU,,,,,true,,0,0,0,0,0,0,0
06/10/2017 14:56,4736,10.10.3.16 CPU,,,,,true,,0,0,0,0,0,0,0
06/10/2017 14:56,2725,10.10.3.16 CPU,,,,,true,,0,0,0,0,0,0,0
06/10/2017 14:56,2760,10.10.3.16 CPU,,,,,true,,0,0,0,0,0,0,0
06/10/2017 14:56,2349,10.10.3.16 CPU,,,,,true,,0,0,0,0,0,0,0
06/10/2017 14:56,3101,10.10.3.16 CPU,,,,,true,,0,0,0,0,0,0,0
06/10/2017 14:56,5451,10.10.3.16 CPU,,,,,true,,0,0,0,0,0,0,0
06/10/2017 14:56,2316,10.10.3.16 CPU,,,,,true,,0,0,0,0,0,0,0
06/10/2017 14:56,3549,10.10.3.16 CPU,,,,,true,,0,0,0,0,0,0,0
06/10/2017 14:56,1957,10.10.3.16 CPU,,,,,true,,0,0,0,0,0,0,0
06/10/2017 14:56,1575,10.10.3.16 CPU,,,,,true,,0,0,0,0,0,0,0
06/10/2017 14:56,3870,10.10.3.16 CPU,,,,,true,,0,0,0,0,0,0,0
06/10/2017 14:56,3514,10.10.3.16 CPU,,,,,true,,0,0,0,0,0,0,0
06/10/2017 14:56,3161,10.10.3.16 CPU,,,,,true,,0,0,0,0,0,0,0
06/10/2017 14:57,1959,10.10.3.16 CPU,,,,,true,,0,0,0,0,0,0,0
06/10/2017 14:57,1158,10.10.3.16 CPU,,,,,true,,0,0,0,0,0,0,0
06/10/2017 14:57,3064,10.10.3.16 CPU,,,,,true,,0,0,0,0,0,0,0
06/10/2017 14:57,3538,10.10.3.16 CPU,,,,,true,,0,0,0,0,0,0,0
06/10/2017 14:57,8903,10.10.3.16 CPU,,,,,true,,0,0,0,0,0,0,0
06/10/2017 14:57,2350,10.10.3.16 CPU,,,,,true,,0,0,0,0,0,0,0
06/10/2017 14:57,2343,10.10.3.16 CPU,,,,,true,,0,0,0,0,0,0,0
06/10/2017 14:57,1581,10.10.3.16 CPU,,,,,true,,0,0,0,0,0,0,0
06/10/2017 14:57,3916,10.10.3.16 CPU,,,,,true,,0,0,0,0,0,0,0
06/10/2017 14:57,1519,10.10.3.16 CPU,,,,,true,,0,0,0,0,0,0,0
06/10/2017 14:57,2350,10.10.3.16 CPU,,,,,true,,0,0,0,0,0,0,0
06/10/2017 14:57,23105,10.10.3.16 CPU,,,,,true,,0,0,0,0,0,0,0
06/10/2017 14:57,74593,10.10.3.16 CPU,,,,,true,,0,0,0,0,0,0,0
06/10/2017 14:57,85808,10.10.3.16 CPU,,,,,true,,0,0,0,0,0,0,0
06/10/2017 14:57,96552,10.10.3.16 CPU,,,,,true,,0,0,0,0,0,0,0
06/10/2017 14:57,98829,10.10.3.16 CPU,,,,,true,,0,0,0,0,0,0,0
06/10/2017 14:57,98834,10.10.3.16 CPU,,,,,true,,0,0,0,0,0,0,0
06/10/2017 14:57,98430,10.10.3.16 CPU,,,,,true,,0,0,0,0,0,0,0
06/10/2017 14:57,96592,10.10.3.16 CPU,,,,,true,,0,0,0,0,0,0,0
06/10/2017 14:57,98109,10.10.3.16 CPU,,,,,true,,0,0,0,0,0,0,0
06/10/2017 14:57,98854,10.10.3.16 CPU,,,,,true,,0,0,0,0,0,0,0
06/10/2017 14:57,98822,10.10.3.16 CPU,,,,,true,,0,0,0,0,0,0,0
06/10/2017 14:57,99218,10.10.3.16 CPU,,,,,true,,0,0,0,0,0,0,0
06/10/2017 14:57,87500,10.10.3.16 CPU,,,,,true,,0,0,0,0,0,0,0
06/10/2017 14:57,91234,10.10.3.16 CPU,,,,,true,,0,0,0,0,0,0,0
06/10/2017 14:57,87220,10.10.3.16 CPU,,,,,true,,0,0,0,0,0,0,0
06/10/2017 16:13,21074,10.10.3.16 CPU,,,,,true,,0,0,0,0,0,0,0
06/10/2017 16:13,49031,10.10.3.16 CPU,,,,,true,,0,0,0,0,0,0,0
06/10/2017 16:13,32295,10.10.3.16 CPU,,,,,true,,0,0,0,0,0,0,0
06/10/2017 16:13,37900,10.10.3.16 CPU,,,,,true,,0,0,0,0,0,0,0
06/10/2017 16:13,23263,10.10.3.16 CPU,,,,,true,,0,0,0,0,0,0,0
06/10/2017 16:13,6322,10.10.3.16 CPU,,,,,true,,0,0,0,0,0,0,0
06/10/2017 16:13,2326,10.10.3.16 CPU,,,,,true,,0,0,0,0,0,0,0
06/10/2017 16:13,2325,10.10.3.16 CPU,,,,,true,,0,0,0,0,0,0,0
06/10/2017 16:13,1965,10.10.3.16 CPU,,,,,true,,0,0,0,0,0,0,0
06/10/2017 16:13,3136,10.10.3.16 CPU,,,,,true,,0,0,0,0,0,0,0
06/10/2017 16:13,1575,10.10.3.16 CPU,,,,,true,,0,0,0,0,0,0,0
06/10/2017 16:13,1950,10.10.3.16 CPU,,,,,true,,0,0,0,0,0,0,0
06/10/2017 16:13,1150,10.10.3.16 CPU,,,,,true,,0,0,0,0,0,0,0
06/10/2017 16:13,3112,10.10.3.16 CPU,,,,,true,,0,0,0,0,0,0,0
06/10/2017 16:13,9641,10.10.3.16 CPU,,,,,true,,0,0,0,0,0,0,0
06/10/2017 16:13,7504,10.10.3.16 CPU,,,,,true,,0,0,0,0,0,0,0
06/10/2017 16:13,4243,10.10.3.16 CPU,,,,,true,,0,0,0,0,0,0,0
06/10/2017 16:13,1179,10.10.3.16 CPU,,,,,true,,0,0,0,0,0,0,0
06/10/2017 16:13,771,10.10.3.16 CPU,,,,,true,,0,0,0,0,0,0,0
06/10/2017 16:13,1982,10.10.3.16 CPU,,,,,true,,0,0,0,0,0,0,0
06/10/2017 16:13,4300,10.10.3.16 CPU,,,,,true,,0,0,0,0,0,0,0
06/10/2017 16:13,2746,10.10.3.16 CPU,,,,,true,,0,0,0,0,0,0,0
06/10/2017 16:13,1567,10.10.3.16 CPU,,,,,true,,0,0,0,0,0,0,0
06/10/2017 16:13,1926,10.10.3.16 CPU,,,,,true,,0,0,0,0,0,0,0
06/10/2017 16:13,2355,10.10.3.16 CPU,,,,,true,,0,0,0,0,0,0,0
06/10/2017 16:13,5115,10.10.3.16 CPU,,,,,true,,0,0,0,0,0,0,0
06/10/2017 16:13,2322,10.10.3.16 CPU,,,,,true,,0,0,0,0,0,0,0
06/10/2017 16:13,2333,10.10.3.16 CPU,,,,,true,,0,0,0,0,0,0,0
06/10/2017 16:13,1958,10.10.3.16 CPU,,,,,true,,0,0,0,0,0,0,0
06/10/2017 16:13,1967,10.10.3.16 CPU,,,,,true,,0,0,0,0,0,0,0
06/10/2017 16:13,1543,10.10.3.16 CPU,,,,,true,,0,0,0,0,0,0,0
06/10/2017 16:13,1575,10.10.3.16 CPU,,,,,true,,0,0,0,0,0,0,0
06/10/2017 16:13,775,10.10.3.16 CPU,,,,,true,,0,0,0,0,0,0,0
06/10/2017 16:13,1175,10.10.3.16 CPU,,,,,true,,0,0,0,0,0,0,0
06/10/2017 16:13,2739,10.10.3.16 CPU,,,,,true,,0,0,0,0,0,0,0
06/10/2017 16:13,1531,10.10.3.16 CPU,,,,,true,,0,0,0,0,0,0,0
06/10/2017 16:13,2771,10.10.3.16 CPU,,,,,true,,0,0,0,0,0,0,0
06/10/2017 16:13,1925,10.10.3.16 CPU,,,,,true,,0,0,0,0,0,0,0
06/10/2017 16:13,1550,10.10.3.16 CPU,,,,,true,,0,0,0,0,0,0,0
06/10/2017 16:13,2367,10.10.3.16 CPU,,,,,true,,0,0,0,0,0,0,0
06/10/2017 16:13,2359,10.10.3.16 CPU,,,,,true,,0,0,0,0,0,0,0
06/10/2017 16:13,2298,10.10.3.16 CPU,,,,,true,,0,0,0,0,0,0,0
06/10/2017 16:13,1593,10.10.3.16 CPU,,,,,true,,0,0,0,0,0,0,0
06/10/2017 16:13,3876,10.10.3.16 CPU,,,,,true,,0,0,0,0,0,0,0
06/10/2017 16:14,48093,10.10.3.16 CPU,,,,,true,,0,0,0,0,0,0,0
06/10/2017 16:14,92187,10.10.3.16 CPU,,,,,true,,0,0,0,0,0,0,0
06/10/2017 16:14,95063,10.10.3.16 CPU,,,,,true,,0,0,0,0,0,0,0
06/10/2017 16:14,96436,10.10.3.16 CPU,,,,,true,,0,0,0,0,0,0,0
06/10/2017 16:14,91927,10.10.3.16 CPU,,,,,true,,0,0,0,0,0,0,0
06/10/2017 16:14,90749,10.10.3.16 CPU,,,,,true,,0,0,0,0,0,0,0
06/10/2017 16:14,94426,10.10.3.16 CPU,,,,,true,,0,0,0,0,0,0,0
06/10/2017 16:14,85170,10.10.3.16 CPU,,,,,true,,0,0,0,0,0,0,0
06/10/2017 16:14,80098,10.10.3.16 CPU,,,,,true,,0,0,0,0,0,0,0
06/10/2017 16:14,99187,10.10.3.16 CPU,,,,,true,,0,0,0,0,0,0,0
06/10/2017 16:14,95747,10.10.3.16 CPU,,,,,true,,0,0,0,0,0,0,0
06/10/2017 16:14,95302,10.10.3.16 CPU,,,,,true,,0,0,0,0,0,0,0
06/10/2017 16:14,100000,10.10.3.16 CPU,,,,,true,,0,0,0,0,0,0,0
06/10/2017 16:14,97252,10.10.3.16 CPU,,,,,true,,0,0,0,0,0,0,0
06/10/2017 16:14,97355,10.10.3.16 CPU,,,,,true,,0,0,0,0,0,0,0
06/10/2017 16:14,99225,10.10.3.16 CPU,,,,,true,,0,0,0,0,0,0,0
06/10/2017 16:14,96707,10.10.3.16 CPU,,,,,true,,0,0,0,0,0,0,0
06/10/2017 16:14,82470,10.10.3.16 CPU,,,,,true,,0,0,0,0,0,0,0
06/10/2017 16:14,86257,10.10.3.16 CPU,,,,,true,,0,0,0,0,0,0,0
06/10/2017 16:14,94981,10.10.3.16 CPU,,,,,true,,0,0,0,0,0,0,0
06/10/2017 16:14,98406,10.10.3.16 CPU,,,,,true,,0,0,0,0,0,0,0
06/10/2017 16:14,92000,10.10.3.16 CPU,,,,,true,,0,0,0,0,0,0,0
06/10/2017 16:14,82872,10.10.3.16 CPU,,,,,true,,0,0,0,0,0,0,0
06/10/2017 16:14,85171,10.10.3.16 CPU,,,,,true,,0,0,0,0,0,0,0
06/10/2017 16:14,61862,10.10.3.16 CPU,,,,,true,,0,0,0,0,0,0,0
06/10/2017 16:14,70448,10.10.3.16 CPU,,,,,true,,0,0,0,0,0,0,0
06/10/2017 16:14,67047,10.10.3.16 CPU,,,,,true,,0,0,0,0,0,0,0
06/10/2017 16:14,90252,10.10.3.16 CPU,,,,,true,,0,0,0,0,0,0,0
06/10/2017 16:14,93334,10.10.3.16 CPU,,,,,true,,0,0,0,0,0,0,0
06/10/2017 16:15,3410,10.10.3.16 CPU,,,,,true,,0,0,0,0,0,0,0
06/10/2017 16:15,33558,10.10.3.16 CPU,,,,,true,,0,0,0,0,0,0,0
06/10/2017 16:15,15810,10.10.3.16 CPU,,,,,true,,0,0,0,0,0,0,0
06/10/2017 16:15,13899,10.10.3.16 CPU,,,,,true,,0,0,0,0,0,0,0
06/10/2017 16:15,20381,10.10.3.16 CPU,,,,,true,,0,0,0,0,0,0,0
06/10/2017 16:15,1562,10.10.3.16 CPU,,,,,true,,0,0,0,0,0,0,0
06/10/2017 16:15,3497,10.10.3.16 CPU,,,,,true,,0,0,0,0,0,0,0
06/10/2017 16:15,2710,10.10.3.16 CPU,,,,,true,,0,0,0,0,0,0,0
06/10/2017 16:15,1195,10.10.3.16 CPU,,,,,true,,0,0,0,0,0,0,0
06/10/2017 16:15,3884,10.10.3.16 CPU,,,,,true,,0,0,0,0,0,0,0
06/10/2017 16:15,1581,10.10.3.16 CPU,,,,,true,,0,0,0,0,0,0,0
06/10/2017 16:15,1574,10.10.3.16 CPU,,,,,true,,0,0,0,0,0,0,0
06/10/2017 16:15,1150,10.10.3.16 CPU,,,,,true,,0,0,0,0,0,0,0
06/10/2017 16:15,1575,10.10.3.16 CPU,,,,,true,,0,0,0,0,0,0,0
06/10/2017 16:15,1974,10.10.3.16 CPU,,,,,true,,0,0,0,0,0,0,0
06/10/2017 16:15,3125,10.10.3.16 CPU,,,,,true,,0,0,0,0,0,0,0
06/10/2017 16:15,2700,10.10.3.16 CPU,,,,,true,,0,0,0,0,0,0,0
06/10/2017 16:15,3113,10.10.3.16 CPU,,,,,true,,0,0,0,0,0,0,0
06/10/2017 16:15,2325,10.10.3.16 CPU,,,,,true,,0,0,0,0,0,0,0
06/10/2017 16:16,3162,10.10.3.16 CPU,,,,,true,,0,0,0,0,0,0,0
06/10/2017 16:16,3075,10.10.3.16 CPU,,,,,true,,0,0,0,0,0,0,0
06/10/2017 16:16,2331,10.10.3.16 CPU,,,,,true,,0,0,0,0,0,0,0
06/10/2017 16:16,3500,10.10.3.16 CPU,,,,,true,,0,0,0,0,0,0,0
06/10/2017 16:16,1538,10.10.3.16 CPU,,,,,true,,0,0,0,0,0,0,0
06/10/2017 16:16,3150,10.10.3.16 CPU,,,,,true,,0,0,0,0,0,0,0
06/10/2017 16:16,2340,10.10.3.16 CPU,,,,,true,,0,0,0,0,0,0,0
06/10/2017 16:16,2714,10.10.3.16 CPU,,,,,true,,0,0,0,0,0,0,0
06/10/2017 16:16,2739,10.10.3.16 CPU,,,,,true,,0,0,0,0,0,0,0
06/10/2017 16:16,1575,10.10.3.16 CPU,,,,,true,,0,0,0,0,0,0,0
06/10/2017 16:16,3125,10.10.3.16 CPU,,,,,true,,0,0,0,0,0,0,0
06/10/2017 16:16,3875,10.10.3.16 CPU,,,,,true,,0,0,0,0,0,0,0
06/10/2017 16:16,1966,10.10.3.16 CPU,,,,,true,,0,0,0,0,0,0,0
06/10/2017 16:16,1942,10.10.3.16 CPU,,,,,true,,0,0,0,0,0,0,0
06/10/2017 16:16,1562,10.10.3.16 CPU,,,,,true,,0,0,0,0,0,0,0
06/10/2017 16:16,2359,10.10.3.16 CPU,,,,,true,,0,0,0,0,0,0,0
06/10/2017 16:16,1174,10.10.3.16 CPU,,,,,true,,0,0,0,0,0,0,0
06/10/2017 16:16,2325,10.10.3.16 CPU,,,,,true,,0,0,0,0,0,0,0
06/10/2017 16:16,2714,10.10.3.16 CPU,,,,,true,,0,0,0,0,0,0,0
06/10/2017 16:16,1974,10.10.3.16 CPU,,,,,true,,0,0,0,0,0,0,0
06/10/2017 16:16,2325,10.10.3.16 CPU,,,,,true,,0,0,0,0,0,0,0
06/10/2017 16:16,3534,10.10.3.16 CPU,,,,,true,,0,0,0,0,0,0,0
06/10/2017 16:16,1179,10.10.3.16 CPU,,,,,true,,0,0,0,0,0,0,0
06/10/2017 16:16,3900,10.10.3.16 CPU,,,,,true,,0,0,0,0,0,0,0
06/10/2017 16:16,10323,10.10.3.16 CPU,,,,,true,,0,0,0,0,0,0,0
06/10/2017 16:16,58764,10.10.3.16 CPU,,,,,true,,0,0,0,0,0,0,0
06/10/2017 16:16,76239,10.10.3.16 CPU,,,,,true,,0,0,0,0,0,0,0
06/10/2017 16:16,89756,10.10.3.16 CPU,,,,,true,,0,0,0,0,0,0,0
06/10/2017 16:16,97717,10.10.3.16 CPU,,,,,true,,0,0,0,0,0,0,0
06/10/2017 16:16,97684,10.10.3.16 CPU,,,,,true,,0,0,0,0,0,0,0
06/10/2017 16:16,98881,10.10.3.16 CPU,,,,,true,,0,0,0,0,0,0,0
06/10/2017 16:16,98443,10.10.3.16 CPU,,,,,true,,0,0,0,0,0,0,0
06/10/2017 16:16,99280,10.10.3.16 CPU,,,,,true,,0,0,0,0,0,0,0
06/10/2017 16:16,97569,10.10.3.16 CPU,,,,,true,,0,0,0,0,0,0,0
06/10/2017 16:16,97692,10.10.3.16 CPU,,,,,true,,0,0,0,0,0,0,0
06/10/2017 16:16,98800,10.10.3.16 CPU,,,,,true,,0,0,0,0,0,0,0
06/10/2017 16:16,98050,10.10.3.16 CPU,,,,,true,,0,0,0,0,0,0,0
06/10/2017 16:16,69460,10.10.3.16 CPU,,,,,true,,0,0,0,0,0,0,0
06/10/2017 16:16,79785,10.10.3.16 CPU,,,,,true,,0,0,0,0,0,0,0
06/10/2017 16:22,3242,10.10.3.16 CPU,,,,,true,,0,0,0,0,0,0,0
06/10/2017 16:22,21838,10.10.3.16 CPU,,,,,true,,0,0,0,0,0,0,0
06/10/2017 16:22,14562,10.10.3.16 CPU,,,,,true,,0,0,0,0,0,0,0
06/10/2017 16:22,14217,10.10.3.16 CPU,,,,,true,,0,0,0,0,0,0,0
06/10/2017 16:22,15439,10.10.3.16 CPU,,,,,true,,0,0,0,0,0,0,0
06/10/2017 16:22,1932,10.10.3.16 CPU,,,,,true,,0,0,0,0,0,0,0
06/10/2017 16:22,1958,10.10.3.16 CPU,,,,,true,,0,0,0,0,0,0,0
06/10/2017 16:22,1165,10.10.3.16 CPU,,,,,true,,0,0,0,0,0,0,0
06/10/2017 16:22,1989,10.10.3.16 CPU,,,,,true,,0,0,0,0,0,0,0
06/10/2017 16:22,2307,10.10.3.16 CPU,,,,,true,,0,0,0,0,0,0,0
06/10/2017 16:22,2365,10.10.3.16 CPU,,,,,true,,0,0,0,0,0,0,0
06/10/2017 16:22,1942,10.10.3.16 CPU,,,,,true,,0,0,0,0,0,0,0
06/10/2017 16:22,3539,10.10.3.16 CPU,,,,,true,,0,0,0,0,0,0,0
06/10/2017 16:23,2325,10.10.3.16 CPU,,,,,true,,0,0,0,0,0,0,0
06/10/2017 16:23,2735,10.10.3.16 CPU,,,,,true,,0,0,0,0,0,0,0
06/10/2017 16:23,2725,10.10.3.16 CPU,,,,,true,,0,0,0,0,0,0,0
06/10/2017 16:23,2725,10.10.3.16 CPU,,,,,true,,0,0,0,0,0,0,0
06/10/2017 16:23,1958,10.10.3.16 CPU,,,,,true,,0,0,0,0,0,0,0
06/10/2017 16:23,1925,10.10.3.16 CPU,,,,,true,,0,0,0,0,0,0,0
06/10/2017 16:23,2383,10.10.3.16 CPU,,,,,true,,0,0,0,0,0,0,0
06/10/2017 16:23,1568,10.10.3.16 CPU,,,,,true,,0,0,0,0,0,0,0
06/10/2017 16:23,2285,10.10.3.16 CPU,,,,,true,,0,0,0,0,0,0,0
06/10/2017 16:23,2773,10.10.3.16 CPU,,,,,true,,0,0,0,0,0,0,0
06/10/2017 16:23,1942,10.10.3.16 CPU,,,,,true,,0,0,0,0,0,0,0
06/10/2017 16:23,3112,10.10.3.16 CPU,,,,,true,,0,0,0,0,0,0,0
06/10/2017 16:23,2375,10.10.3.16 CPU,,,,,true,,0,0,0,0,0,0,0
06/10/2017 16:23,1543,10.10.3.16 CPU,,,,,true,,0,0,0,0,0,0,0
06/10/2017 16:23,1544,10.10.3.16 CPU,,,,,true,,0,0,0,0,0,0,0
06/10/2017 16:23,3524,10.10.3.16 CPU,,,,,true,,0,0,0,0,0,0,0
06/10/2017 16:23,1550,10.10.3.16 CPU,,,,,true,,0,0,0,0,0,0,0
06/10/2017 16:23,1568,10.10.3.16 CPU,,,,,true,,0,0,0,0,0,0,0
06/10/2017 16:23,1179,10.10.3.16 CPU,,,,,true,,0,0,0,0,0,0,0
06/10/2017 16:23,2350,10.10.3.16 CPU,,,,,true,,0,0,0,0,0,0,0
06/10/2017 16:23,2349,10.10.3.16 CPU,,,,,true,,0,0,0,0,0,0,0
06/10/2017 16:23,1556,10.10.3.16 CPU,,,,,true,,0,0,0,0,0,0,0
06/10/2017 16:23,2322,10.10.3.16 CPU,,,,,true,,0,0,0,0,0,0,0
06/10/2017 16:23,2307,10.10.3.16 CPU,,,,,true,,0,0,0,0,0,0,0
06/10/2017 16:23,2331,10.10.3.16 CPU,,,,,true,,0,0,0,0,0,0,0
06/10/2017 16:23,3552,10.10.3.16 CPU,,,,,true,,0,0,0,0,0,0,0
06/10/2017 16:23,1562,10.10.3.16 CPU,,,,,true,,0,0,0,0,0,0,0
06/10/2017 16:23,1943,10.10.3.16 CPU,,,,,true,,0,0,0,0,0,0,0
06/10/2017 16:23,1179,10.10.3.16 CPU,,,,,true,,0,0,0,0,0,0,0
06/10/2017 16:23,3819,10.10.3.16 CPU,,,,,true,,0,0,0,0,0,0,0
06/10/2017 16:23,31669,10.10.3.16 CPU,,,,,true,,0,0,0,0,0,0,0
06/10/2017 16:23,64193,10.10.3.16 CPU,,,,,true,,0,0,0,0,0,0,0
06/10/2017 16:23,82824,10.10.3.16 CPU,,,,,true,,0,0,0,0,0,0,0
06/10/2017 16:23,97728,10.10.3.16 CPU,,,,,true,,0,0,0,0,0,0,0
06/10/2017 16:23,99236,10.10.3.16 CPU,,,,,true,,0,0,0,0,0,0,0
06/10/2017 16:23,92126,10.10.3.16 CPU,,,,,true,,0,0,0,0,0,0,0
06/10/2017 16:23,73143,10.10.3.16 CPU,,,,,true,,0,0,0,0,0,0,0
06/10/2017 16:23,98079,10.10.3.16 CPU,,,,,true,,0,0,0,0,0,0,0
06/10/2017 16:23,98805,10.10.3.16 CPU,,,,,true,,0,0,0,0,0,0,0
06/10/2017 16:23,93881,10.10.3.16 CPU,,,,,true,,0,0,0,0,0,0,0
06/10/2017 16:23,96045,10.10.3.16 CPU,,,,,true,,0,0,0,0,0,0,0
06/10/2017 16:23,95138,10.10.3.16 CPU,,,,,true,,0,0,0,0,0,0,0
06/10/2017 16:23,88343,10.10.3.16 CPU,,,,,true,,0,0,0,0,0,0,0
06/10/2017 16:23,72680,10.10.3.16 CPU,,,,,true,,0,0,0,0,0,0,0
06/10/2017 16:24,2980,10.10.3.16 CPU,,,,,true,,0,0,0,0,0,0,0
06/10/2017 16:24,25450,10.10.3.16 CPU,,,,,true,,0,0,0,0,0,0,0
06/10/2017 16:24,15210,10.10.3.16 CPU,,,,,true,,0,0,0,0,0,0,0
06/10/2017 16:25,16000,10.10.3.16 CPU,,,,,true,,0,0,0,0,0,0,0
06/10/2017 16:25,11367,10.10.3.16 CPU,,,,,true,,0,0,0,0,0,0,0
06/10/2017 16:25,5874,10.10.3.16 CPU,,,,,true,,0,0,0,0,0,0,0
06/10/2017 16:25,1974,10.10.3.16 CPU,,,,,true,,0,0,0,0,0,0,0
06/10/2017 16:25,2299,10.10.3.16 CPU,,,,,true,,0,0,0,0,0,0,0
06/10/2017 16:25,1950,10.10.3.16 CPU,,,,,true,,0,0,0,0,0,0,0
06/10/2017 16:25,2331,10.10.3.16 CPU,,,,,true,,0,0,0,0,0,0,0
06/10/2017 16:25,1184,10.10.3.16 CPU,,,,,true,,0,0,0,0,0,0,0
06/10/2017 16:25,1550,10.10.3.16 CPU,,,,,true,,0,0,0,0,0,0,0
06/10/2017 16:25,1574,10.10.3.16 CPU,,,,,true,,0,0,0,0,0,0,0
06/10/2017 16:25,1950,10.10.3.16 CPU,,,,,true,,0,0,0,0,0,0,0
06/10/2017 16:25,1950,10.10.3.16 CPU,,,,,true,,0,0,0,0,0,0,0
06/10/2017 16:25,1967,10.10.3.16 CPU,,,,,true,,0,0,0,0,0,0,0
06/10/2017 16:25,3489,10.10.3.16 CPU,,,,,true,,0,0,0,0,0,0,0
06/10/2017 16:25,3548,10.10.3.16 CPU,,,,,true,,0,0,0,0,0,0,0
06/10/2017 16:25,1950,10.10.3.16 CPU,,,,,true,,0,0,0,0,0,0,0
06/10/2017 16:25,1958,10.10.3.16 CPU,,,,,true,,0,0,0,0,0,0,0
06/10/2017 16:25,775,10.10.3.16 CPU,,,,,true,,0,0,0,0,0,0,0
06/10/2017 16:25,1155,10.10.3.16 CPU,,,,,true,,0,0,0,0,0,0,0
06/10/2017 16:25,1175,10.10.3.16 CPU,,,,,true,,0,0,0,0,0,0,0
06/10/2017 16:25,1950,10.10.3.16 CPU,,,,,true,,0,0,0,0,0,0,0
06/10/2017 16:25,3112,10.10.3.16 CPU,,,,,true,,0,0,0,0,0,0,0
06/10/2017 16:25,3125,10.10.3.16 CPU,,,,,true,,0,0,0,0,0,0,0
06/10/2017 16:25,1934,10.10.3.16 CPU,,,,,true,,0,0,0,0,0,0,0
06/10/2017 16:25,1612,10.10.3.16 CPU,,,,,true,,0,0,0,0,0,0,0
06/10/2017 16:25,2679,10.10.3.16 CPU,,,,,true,,0,0,0,0,0,0,0
06/10/2017 16:25,2350,10.10.3.16 CPU,,,,,true,,0,0,0,0,0,0,0
06/10/2017 16:25,1942,10.10.3.16 CPU,,,,,true,,0,0,0,0,0,0,0
06/10/2017 16:25,2377,10.10.3.16 CPU,,,,,true,,0,0,0,0,0,0,0
06/10/2017 16:25,1556,10.10.3.16 CPU,,,,,true,,0,0,0,0,0,0,0
06/10/2017 16:25,2725,10.10.3.16 CPU,,,,,true,,0,0,0,0,0,0,0
06/10/2017 16:25,2358,10.10.3.16 CPU,,,,,true,,0,0,0,0,0,0,0
06/10/2017 16:25,3885,10.10.3.16 CPU,,,,,true,,0,0,0,0,0,0,0
06/10/2017 16:25,2333,10.10.3.16 CPU,,,,,true,,0,0,0,0,0,0,0
06/10/2017 16:25,2316,10.10.3.16 CPU,,,,,true,,0,0,0,0,0,0,0
06/10/2017 16:25,1575,10.10.3.16 CPU,,,,,true,,0,0,0,0,0,0,0
06/10/2017 16:25,3525,10.10.3.16 CPU,,,,,true,,0,0,0,0,0,0,0
06/10/2017 16:25,2725,10.10.3.16 CPU,,,,,true,,0,0,0,0,0,0,0
06/10/2017 16:25,2313,10.10.3.16 CPU,,,,,true,,0,0,0,0,0,0,0
06/10/2017 16:25,2725,10.10.3.16 CPU,,,,,true,,0,0,0,0,0,0,0
06/10/2017 16:25,2725,10.10.3.16 CPU,,,,,true,,0,0,0,0,0,0,0
06/10/2017 16:25,40158,10.10.3.16 CPU,,,,,true,,0,0,0,0,0,0,0
06/10/2017 16:25,66158,10.10.3.16 CPU,,,,,true,,0,0,0,0,0,0,0
06/10/2017 16:25,89134,10.10.3.16 CPU,,,,,true,,0,0,0,0,0,0,0
06/10/2017 16:25,97693,10.10.3.16 CPU,,,,,true,,0,0,0,0,0,0,0
06/10/2017 16:25,96159,10.10.3.16 CPU,,,,,true,,0,0,0,0,0,0,0
06/10/2017 16:25,99240,10.10.3.16 CPU,,,,,true,,0,0,0,0,0,0,0
06/10/2017 16:25,98015,10.10.3.16 CPU,,,,,true,,0,0,0,0,0,0,0
06/10/2017 16:25,99250,10.10.3.16 CPU,,,,,true,,0,0,0,0,0,0,0
06/10/2017 16:25,94877,10.10.3.16 CPU,,,,,true,,0,0,0,0,0,0,0
06/10/2017 16:25,92680,10.10.3.16 CPU,,,,,true,,0,0,0,0,0,0,0
06/10/2017 16:25,89908,10.10.3.16 CPU,,,,,true,,0,0,0,0,0,0,0
06/10/2017 16:25,57482,10.10.3.16 CPU,,,,,true,,0,0,0,0,0,0,0
06/10/2017 16:29,2705,10.10.3.16 CPU,,,,,true,,0,0,0,0,0,0,0
06/10/2017 16:29,58928,10.10.3.16 CPU,,,,,true,,0,0,0,0,0,0,0
06/10/2017 16:29,70317,10.10.3.16 CPU,,,,,true,,0,0,0,0,0,0,0
06/10/2017 16:29,88742,10.10.3.16 CPU,,,,,true,,0,0,0,0,0,0,0
06/10/2017 16:29,96933,10.10.3.16 CPU,,,,,true,,0,0,0,0,0,0,0
06/10/2017 16:29,99601,10.10.3.16 CPU,,,,,true,,0,0,0,0,0,0,0
06/10/2017 16:29,99240,10.10.3.16 CPU,,,,,true,,0,0,0,0,0,0,0
06/10/2017 16:29,92575,10.10.3.16 CPU,,,,,true,,0,0,0,0,0,0,0
06/10/2017 16:30,55075,10.10.3.16 CPU,,,,,true,,0,0,0,0,0,0,0
06/10/2017 16:31,3189,10.10.3.16 CPU,,,,,true,,0,0,0,0,0,0,0
06/10/2017 16:31,48283,10.10.3.16 CPU,,,,,true,,0,0,0,0,0,0,0
06/10/2017 16:31,69142,10.10.3.16 CPU,,,,,true,,0,0,0,0,0,0,0
06/10/2017 16:31,90782,10.10.3.16 CPU,,,,,true,,0,0,0,0,0,0,0
06/10/2017 16:31,99286,10.10.3.16 CPU,,,,,true,,0,0,0,0,0,0,0
06/10/2017 16:31,95566,10.10.3.16 CPU,,,,,true,,0,0,0,0,0,0,0
06/10/2017 16:31,76809,10.10.3.16 CPU,,,,,true,,0,0,0,0,0,0,0
06/10/2017 16:31,60721,10.10.3.16 CPU,,,,,true,,0,0,0,0,0,0,0
06/10/2017 16:37,2659,10.10.3.16 CPU,,,,,true,,0,0,0,0,0,0,0
06/10/2017 16:37,50800,10.10.3.16 CPU,,,,,true,,0,0,0,0,0,0,0
06/10/2017 16:37,81122,10.10.3.16 CPU,,,,,true,,0,0,0,0,0,0,0
06/10/2017 16:37,82820,10.10.3.16 CPU,,,,,true,,0,0,0,0,0,0,0
06/10/2017 16:37,87423,10.10.3.16 CPU,,,,,true,,0,0,0,0,0,0,0
06/10/2017 16:37,97800,10.10.3.16 CPU,,,,,true,,0,0,0,0,0,0,0
06/10/2017 16:37,97644,10.10.3.16 CPU,,,,,true,,0,0,0,0,0,0,0
06/10/2017 16:37,82425,10.10.3.16 CPU,,,,,true,,0,0,0,0,0,0,0
06/10/2017 16:37,52877,10.10.3.16 CPU,,,,,true,,0,0,0,0,0,0,0
06/10/2017 16:38,3391,10.10.3.16 CPU,,,,,true,,0,0,0,0,0,0,0
06/10/2017 16:38,44009,10.10.3.16 CPU,,,,,true,,0,0,0,0,0,0,0
06/10/2017 16:38,68546,10.10.3.16 CPU,,,,,true,,0,0,0,0,0,0,0
06/10/2017 16:38,95738,10.10.3.16 CPU,,,,,true,,0,0,0,0,0,0,0
06/10/2017 16:38,98485,10.10.3.16 CPU,,,,,true,,0,0,0,0,0,0,0
06/10/2017 16:38,93846,10.10.3.16 CPU,,,,,true,,0,0,0,0,0,0,0
06/10/2017 16:38,91825,10.10.3.16 CPU,,,,,true,,0,0,0,0,0,0,0
06/10/2017 16:38,50585,10.10.3.16 CPU,,,,,true,,0,0,0,0,0,0,0
06/10/2017 16:38,29317,10.10.3.16 CPU,,,,,true,,0,0,0,0,0,0,0
06/10/2017 17:36,2556,10.10.3.16 CPU,,,,,true,,0,0,0,0,0,0,0
06/10/2017 17:36,27059,10.10.3.16 CPU,,,,,true,,0,0,0,0,0,0,0
06/10/2017 17:36,57111,10.10.3.16 CPU,,,,,true,,0,0,0,0,0,0,0
06/10/2017 17:36,83200,10.10.3.16 CPU,,,,,true,,0,0,0,0,0,0,0
06/10/2017 17:36,65772,10.10.3.16 CPU,,,,,true,,0,0,0,0,0,0,0
06/10/2017 17:36,96058,10.10.3.16 CPU,,,,,true,,0,0,0,0,0,0,0
06/10/2017 17:36,93916,10.10.3.16 CPU,,,,,true,,0,0,0,0,0,0,0
06/10/2017 17:36,88230,10.10.3.16 CPU,,,,,true,,0,0,0,0,0,0,0
06/10/2017 17:36,62555,10.10.3.16 CPU,,,,,true,,0,0,0,0,0,0,0
06/10/2017 17:37,3135,10.10.3.16 CPU,,,,,true,,0,0,0,0,0,0,0
06/10/2017 17:37,55113,10.10.3.16 CPU,,,,,true,,0,0,0,0,0,0,0
06/10/2017 17:37,81419,10.10.3.16 CPU,,,,,true,,0,0,0,0,0,0,0
06/10/2017 17:37,92101,10.10.3.16 CPU,,,,,true,,0,0,0,0,0,0,0
06/10/2017 17:37,94713,10.10.3.16 CPU,,,,,true,,0,0,0,0,0,0,0
06/10/2017 17:37,76749,10.10.3.16 CPU,,,,,true,,0,0,0,0,0,0,0
06/10/2017 17:37,56162,10.10.3.16 CPU,,,,,true,,0,0,0,0,0,0,0
06/10/2017 17:38,45711,10.10.3.16 CPU,,,,,true,,0,0,0,0,0,0,0
06/10/2017 18:16,2398,10.10.3.16 CPU,,,,,true,,0,0,0,0,0,0,0
06/10/2017 18:17,44411,10.10.3.16 CPU,,,,,true,,0,0,0,0,0,0,0
06/10/2017 18:17,66791,10.10.3.16 CPU,,,,,true,,0,0,0,0,0,0,0
06/10/2017 18:17,90763,10.10.3.16 CPU,,,,,true,,0,0,0,0,0,0,0
06/10/2017 18:17,84063,10.10.3.16 CPU,,,,,true,,0,0,0,0,0,0,0
06/10/2017 18:17,80213,10.10.3.16 CPU,,,,,true,,0,0,0,0,0,0,0
06/10/2017 18:17,90714,10.10.3.16 CPU,,,,,true,,0,0,0,0,0,0,0
06/10/2017 18:17,84951,10.10.3.16 CPU,,,,,true,,0,0,0,0,0,0,0
06/10/2017 18:17,43389,10.10.3.16 CPU,,,,,true,,0,0,0,0,0,0,0
06/10/2017 18:18,2589,10.10.3.16 CPU,,,,,true,,0,0,0,0,0,0,0
06/10/2017 18:18,38611,10.10.3.16 CPU,,,,,true,,0,0,0,0,0,0,0
06/10/2017 18:18,67608,10.10.3.16 CPU,,,,,true,,0,0,0,0,0,0,0
06/10/2017 18:18,91692,10.10.3.16 CPU,,,,,true,,0,0,0,0,0,0,0
06/10/2017 18:18,100000,10.10.3.16 CPU,,,,,true,,0,0,0,0,0,0,0
06/10/2017 18:18,94848,10.10.3.16 CPU,,,,,true,,0,0,0,0,0,0,0
06/10/2017 18:18,75301,10.10.3.16 CPU,,,,,true,,0,0,0,0,0,0,0
06/10/2017 18:18,70564,10.10.3.16 CPU,,,,,true,,0,0,0,0,0,0,0
06/10/2017 18:27,3362,10.10.3.16 CPU,,,,,true,,0,0,0,0,0,0,0
06/10/2017 18:27,33864,10.10.3.16 CPU,,,,,true,,0,0,0,0,0,0,0
06/10/2017 18:27,71980,10.10.3.16 CPU,,,,,true,,0,0,0,0,0,0,0
06/10/2017 18:27,86718,10.10.3.16 CPU,,,,,true,,0,0,0,0,0,0,0
06/10/2017 18:27,93825,10.10.3.16 CPU,,,,,true,,0,0,0,0,0,0,0
06/10/2017 18:27,91083,10.10.3.16 CPU,,,,,true,,0,0,0,0,0,0,0
06/10/2017 18:27,94543,10.10.3.16 CPU,,,,,true,,0,0,0,0,0,0,0
06/10/2017 18:27,79714,10.10.3.16 CPU,,,,,true,,0,0,0,0,0,0,0
06/10/2017 18:27,70300,10.10.3.16 CPU,,,,,true,,0,0,0,0,0,0,0
06/10/2017 18:27,37980,10.10.3.16 CPU,,,,,true,,0,0,0,0,0,0,0
06/10/2017 18:28,2670,10.10.3.16 CPU,,,,,true,,0,0,0,0,0,0,0
06/10/2017 18:28,37849,10.10.3.16 CPU,,,,,true,,0,0,0,0,0,0,0
06/10/2017 18:28,65070,10.10.3.16 CPU,,,,,true,,0,0,0,0,0,0,0
06/10/2017 18:28,86350,10.10.3.16 CPU,,,,,true,,0,0,0,0,0,0,0
06/10/2017 18:28,97262,10.10.3.16 CPU,,,,,true,,0,0,0,0,0,0,0
06/10/2017 18:28,93448,10.10.3.16 CPU,,,,,true,,0,0,0,0,0,0,0
06/10/2017 18:28,76536,10.10.3.16 CPU,,,,,true,,0,0,0,0,0,0,0
06/10/2017 18:28,45311,10.10.3.16 CPU,,,,,true,,0,0,0,0,0,0,0
